54,0
55,0
56,0
57,0
58,0
59,0
60,0
61,0
64,0
63,0
64,0
63,0
66,0
67,0
68,0
69,0
70,0
71,0
38,0
73,0
99,0
32,0
101,0
102,0
103,0
104,0
105,0
106,0
107,0
108,0
109,0
110,0
111,0
112,0
120,0
114,0
115,0
116,0
117,0
118,0
119,0
120,0
50,0
124,0
36,0
127,0
71,0
19,0
108,0
44,0
37,0
136,0
4,0
103,0
7,0
7,0
8,0
10,0
28,0
11,0
12,0
13,0
13,0
63,0
16,0
17,0
18,0
38,0
59,0
21,0
22,0
58,0
47,0
25,0
26,0
68,0
8,0
29,0
30,0
31,0
100,0
63,0
63,0
13,0
36,0
37,0
36,0
39,0
40,0
41,0
17,0
138,0
44,0
45,0
57,0
47,0
8,0
4,0
23,0
50,0
54,0
46,0
7,0
73,0
30,0
57,0
58,0
59,0
60,0
61,0
63,0
63,0
41,0
63,0
23,0
67,0
62,0
144,0
70,0
71,0
72,0
107,0
99,0
100,0
101,0
102,0
103,0
104,0
105,0
106,0
107,0
108,0
103,0
55,0
70,0
112,0
113,0
114,0
115,0
116,0
117,0
118,0
119,0
120,0
136,0
127,0
124,0
62,0
126,0
127,0
129,0
138,0
137,0
59,0
59,0
140,0
121,0
142,0
143,0
144,0
13,0
140,0
150,0
151,0
36,0
24,0
2,0
3,0
50,0
17,0
6,0
23,0
8,0
8,0
10,0
11,0
12,0
13,0
13,0
15,0
121,0
17,0
18,0
19,0
20,0
21,0
152,0
23,0
38,0
10,0
26,0
39,0
8,0
29,0
64,0
40,0
32,0
33,0
144,0
58,0
36,0
37,0
41,0
39,0
150,0
41,0
69,0
5,0
44,0
24,0
46,0
47,0
10,0
4,0
20,0
4,0
3,0
53,0
54,0
55,0
56,0
57,0
58,0
59,0
60,0
7,0
65,0
65,0
39,0
65,0
66,0
37,0
138,0
12,0
70,0
65,0
72,0
73,0
99,0
100,0
101,0
34,0
103,0
104,0
120,0
106,0
107,0
108,0
5,0
110,0
111,0
112,0
113,0
114,0
115,0
115,0
117,0
40,0
119,0
120,0
122,0
46,0
127,0
64,0
140,0
127,0
43,0
136,0
137,0
151,0
139,0
140,0
141,0
142,0
106,0
144,0
13,0
26,0
150,0
42,0
74,0
84,0
76,0
77,0
78,0
93,0
80,0
97,0
82,0
83,0
84,0
84,0
132,0
95,0
88,0
94,0
90,0
91,0
92,0
93,0
94,0
64,0
96,0
97,0
98,0
95,0
131,0
78,0
133,0
134,0
148,0
130,0
131,0
64,0
1,0
37,0
3,0
4,0
5,0
6,0
103,0
8,0
10,0
10,0
11,0
12,0
13,0
14,0
16,0
16,0
5,0
18,0
19,0
20,0
21,0
22,0
23,0
40,0
25,0
26,0
48,0
8,0
49,0
30,0
31,0
32,0
33,0
24,0
35,0
36,0
37,0
38,0
39,0
40,0
38,0
42,0
43,0
44,0
36,0
46,0
47,0
48,0
4,0
50,0
50,0
3,0
53,0
54,0
55,0
56,0
57,0
58,0
59,0
61,0
61,0
36,0
69,0
64,0
62,0
66,0
67,0
68,0
151,0
70,0
151,0
72,0
73,0
73,0
100,0
101,0
102,0
103,0
104,0
105,0
143,0
107,0
108,0
109,0
110,0
111,0
112,0
113,0
114,0
115,0
116,0
117,0
19,0
119,0
120,0
50,0
53,0
124,0
53,0
36,0
126,0
11,0
129,0
136,0
136,0
66,0
139,0
140,0
141,0
142,0
114,0
144,0
14,0
149,0
42,0
151,0
63,0
1,0
37,0
3,0
4,0
22,0
66,0
7,0
8,0
10,0
10,0
11,0
107,0
13,0
14,0
15,0
16,0
17,0
70,0
19,0
20,0
21,0
22,0
23,0
24,0
25,0
26,0
25,0
28,0
29,0
30,0
31,0
127,0
33,0
41,0
16,0
36,0
2,0
31,0
31,0
24,0
43,0
126,0
43,0
25,0
25,0
122,0
47,0
28,0
4,0
50,0
51,0
52,0
9,0
54,0
73,0
56,0
57,0
58,0
59,0
60,0
61,0
47,0
71,0
64,0
65,0
66,0
67,0
68,0
70,0
24,0
71,0
22,0
73,0
99,0
100,0
101,0
37,0
103,0
104,0
105,0
106,0
107,0
108,0
109,0
101,0
111,0
112,0
113,0
114,0
115,0
115,0
117,0
43,0
119,0
120,0
138,0
55,0
124,0
65,0
127,0
151,0
140,0
87,0
75,0
74,0
77,0
78,0
79,0
80,0
89,0
86,0
83,0
84,0
85,0
86,0
87,0
84,0
89,0
90,0
91,0
92,0
93,0
94,0
95,0
96,0
97,0
98,0
130,0
131,0
132,0
133,0
81,0
131,0
146,0
148,0
14,0
52,0
2,0
121,0
61,0
64,0
6,0
7,0
28,0
9,0
25,0
11,0
12,0
13,0
145,0
34,0
16,0
121,0
125,0
19,0
21,0
22,0
22,0
3,0
24,0
25,0
3,0
27,0
28,0
29,0
30,0
31,0
17,0
33,0
34,0
35,0
125,0
15,0
43,0
39,0
3,0
5,0
5,0
3,0
44,0
45,0
7,0
28,0
30,0
53,0
4,0
3,0
3,0
52,0
54,0
55,0
56,0
103,0
60,0
60,0
3,0
30,0
30,0
30,0
62,0
5,0
67,0
68,0
39,0
62,0
71,0
72,0
73,0
73,0
30,0
101,0
102,0
116,0
105,0
106,0
106,0
107,0
108,0
103,0
110,0
111,0
112,0
113,0
114,0
116,0
115,0
117,0
118,0
119,0
113,0
50,0
124,0
125,0
126,0
127,0
124,0
129,0
30,0
141,0
142,0
114,0
144,0
5,0
149,0
150,0
51,0
0,0
1,0
37,0
121,0
29,0
5,0
4,0
7,0
25,0
10,0
10,0
11,0
12,0
13,0
14,0
15,0
15,0
64,0
18,0
19,0
20,0
21,0
22,0
23,0
24,0
10,0
26,0
27,0
47,0
63,0
30,0
31,0
32,0
33,0
34,0
35,0
36,0
37,0
43,0
39,0
40,0
41,0
70,0
43,0
44,0
45,0
46,0
47,0
48,0
49,0
121,0
51,0
49,0
51,0
54,0
55,0
56,0
57,0
58,0
59,0
60,0
147,0
70,0
63,0
64,0
65,0
66,0
15,0
68,0
69,0
70,0
71,0
108,0
73,0
99,0
100,0
101,0
102,0
109,0
104,0
105,0
106,0
107,0
108,0
109,0
55,0
111,0
112,0
113,0
114,0
115,0
116,0
117,0
118,0
119,0
120,0
136,0
71,0
124,0
125,0
126,0
129,0
113,0
136,0
137,0
138,0
139,0
140,0
141,0
71,0
143,0
15,0
35,0
149,0
150,0
151,0
40,0
1,0
2,0
3,0
4,0
1,0
6,0
7,0
10,0
10,0
10,0
11,0
12,0
13,0
14,0
15,0
16,0
17,0
18,0
19,0
20,0
21,0
140,0
32,0
150,0
10,0
26,0
27,0
48,0
71,0
30,0
2,0
32,0
33,0
34,0
34,0
40,0
37,0
41,0
39,0
24,0
67,0
42,0
72,0
44,0
62,0
46,0
47,0
28,0
138,0
50,0
53,0
122,0
122,0
138,0
55,0
56,0
57,0
58,0
59,0
59,0
60,0
62,0
63,0
38,0
62,0
20,0
67,0
68,0
69,0
70,0
71,0
72,0
55,0
99,0
100,0
101,0
102,0
58,0
104,0
105,0
106,0
107,0
108,0
109,0
110,0
111,0
112,0
113,0
114,0
26,0
26,0
26,0
118,0
119,0
120,0
4,0
122,0
122,0
1,0
126,0
127,0
129,0
137,0
137,0
138,0
139,0
113,0
141,0
142,0
114,0
144,0
145,0
149,0
150,0
151,0
0,0
9,0
18,0
30,0
29,0
5,0
6,0
7,0
8,0
10,0
127,0
11,0
12,0
13,0
14,0
15,0
16,0
17,0
18,0
19,0
20,0
61,0
7,0
24,0
10,0
39,0
44,0
57,0
29,0
32,0
31,0
56,0
57,0
34,0
35,0
40,0
15,0
38,0
39,0
38,0
43,0
17,0
5,0
129,0
1,0
6,0
47,0
53,0
54,0
50,0
142,0
54,0
29,0
54,0
55,0
56,0
57,0
109,0
59,0
20,0
61,0
62,0
63,0
64,0
50,0
59,0
67,0
69,0
71,0
18,0
138,0
72,0
73,0
99,0
100,0
101,0
102,0
103,0
104,0
105,0
106,0
107,0
108,0
109,0
55,0
111,0
112,0
120,0
114,0
115,0
115,0
117,0
118,0
119,0
120,0
138,0
50,0
10,0
152,0
56,0
126,0
127,0
139,0
151,0
136,0
151,0
23,0
43,0
6,0
47,0
119,0
144,0
145,0
17,0
57,0
71,0
87,0
75,0
84,0
95,0
78,0
79,0
96,0
98,0
98,0
83,0
84,0
85,0
87,0
74,0
84,0
84,0
90,0
91,0
92,0
131,0
94,0
95,0
96,0
97,0
98,0
130,0
87,0
132,0
87,0
134,0
135,0
130,0
87,0
0,0
1,0
2,0
22,0
54,0
40,0
6,0
7,0
8,0
52,0
72,0
113,0
12,0
150,0
14,0
15,0
16,0
5,0
145,0
19,0
20,0
21,0
61,0
152,0
36,0
45,0
41,0
36,0
44,0
50,0
115,0
31,0
32,0
18,0
70,0
35,0
64,0
144,0
64,0
41,0
64,0
64,0
42,0
15,0
44,0
45,0
46,0
18,0
45,0
50,0
51,0
4,0
50,0
53,0
139,0
143,0
72,0
8,0
103,0
59,0
23,0
60,0
144,0
29,0
64,0
50,0
66,0
70,0
68,0
128,0
18,0
71,0
72,0
73,0
152,0
100,0
101,0
102,0
103,0
104,0
105,0
106,0
107,0
47,0
109,0
143,0
143,0
112,0
120,0
114,0
26,0
149,0
19,0
118,0
119,0
120,0
121,0
138,0
123,0
127,0
125,0
126,0
64,0
122,0
140,0
137,0
137,0
151,0
66,0
140,0
141,0
142,0
143,0
144,0
145,0
26,0
108,0
141,0
99,0
100,0
101,0
102,0
103,0
104,0
105,0
106,0
107,0
108,0
109,0
110,0
111,0
112,0
101,0
114,0
116,0
116,0
117,0
118,0
119,0
120,0
74,0
75,0
84,0
95,0
131,0
79,0
80,0
95,0
80,0
83,0
84,0
85,0
74,0
76,0
88,0
94,0
90,0
91,0
92,0
93,0
94,0
95,0
96,0
97,0
98,0
76,0
91,0
87,0
134,0
135,0
146,0
79,0
0,0
1,0
37,0
121,0
4,0
16,0
6,0
7,0
8,0
9,0
10,0
11,0
12,0
13,0
14,0
15,0
16,0
17,0
18,0
19,0
20,0
21,0
61,0
7,0
24,0
25,0
26,0
27,0
28,0
29,0
30,0
19,0
32,0
33,0
34,0
35,0
47,0
37,0
43,0
39,0
47,0
43,0
5,0
118,0
9,0
45,0
46,0
47,0
10,0
50,0
121,0
121,0
71,0
53,0
138,0
55,0
56,0
57,0
30,0
22,0
60,0
61,0
62,0
63,0
65,0
65,0
20,0
67,0
68,0
42,0
70,0
29,0
72,0
73,0
84,0
84,0
77,0
79,0
80,0
81,0
82,0
83,0
84,0
75,0
86,0
87,0
88,0
89,0
90,0
91,0
92,0
93,0
94,0
95,0
96,0
97,0
98,0
99,0
100,0
101,0
102,0
103,0
104,0
105,0
114,0
107,0
108,0
109,0
55,0
111,0
112,0
113,0
114,0
115,0
116,0
117,0
118,0
119,0
120,0
62,0
122,0
122,0
122,0
47,0
126,0
127,0
115,0
130,0
78,0
132,0
133,0
134,0
135,0
136,0
137,0
138,0
139,0
139,0
141,0
142,0
143,0
144,0
145,0
146,0
75,0
120,0
150,0
151,0
114,0
64,0
1,0
19,0
121,0
4,0
5,0
6,0
7,0
8,0
9,0
10,0
11,0
12,0
13,0
14,0
15,0
16,0
5,0
18,0
19,0
20,0
21,0
22,0
23,0
24,0
25,0
17,0
27,0
8,0
29,0
30,0
31,0
32,0
33,0
34,0
125,0
64,0
15,0
38,0
39,0
41,0
41,0
5,0
43,0
42,0
125,0
46,0
64,0
28,0
49,0
50,0
51,0
51,0
53,0
54,0
55,0
56,0
57,0
58,0
64,0
60,0
61,0
36,0
63,0
64,0
65,0
66,0
31,0
36,0
26,0
15,0
29,0
72,0
73,0
107,0
100,0
101,0
13,0
103,0
104,0
105,0
106,0
107,0
108,0
58,0
110,0
111,0
112,0
113,0
114,0
115,0
115,0
117,0
118,0
119,0
120,0
121,0
46,0
141,0
124,0
36,0
126,0
6,0
71,0
129,0
136,0
151,0
5,0
139,0
139,0
22,0
142,0
149,0
15,0
145,0
149,0
150,0
151,0
90,0
75,0
76,0
77,0
131,0
79,0
80,0
81,0
82,0
83,0
84,0
84,0
86,0
78,0
85,0
89,0
90,0
91,0
92,0
93,0
94,0
95,0
96,0
97,0
98,0
130,0
87,0
132,0
133,0
146,0
135,0
78,0
82,0
0,0
1,0
2,0
66,0
49,0
17,0
6,0
7,0
8,0
48,0
44,0
11,0
12,0
13,0
145,0
15,0
16,0
149,0
18,0
19,0
20,0
21,0
22,0
23,0
24,0
25,0
38,0
27,0
28,0
71,0
30,0
40,0
100,0
33,0
1,0
145,0
36,0
37,0
38,0
39,0
43,0
40,0
42,0
34,0
27,0
109,0
137,0
47,0
25,0
51,0
50,0
54,0
9,0
53,0
54,0
55,0
56,0
57,0
58,0
59,0
61,0
61,0
62,0
63,0
64,0
65,0
66,0
67,0
68,0
69,0
70,0
66,0
72,0
73,0
73,0
100,0
101,0
102,0
103,0
104,0
120,0
106,0
120,0
70,0
32,0
110,0
111,0
112,0
113,0
114,0
38,0
116,0
19,0
19,0
119,0
120,0
121,0
126,0
122,0
124,0
125,0
126,0
127,0
128,0
129,0
136,0
137,0
138,0
139,0
17,0
141,0
142,0
143,0
34,0
144,0
149,0
150,0
151,0
130,0
75,0
76,0
77,0
78,0
79,0
80,0
81,0
82,0
83,0
84,0
84,0
86,0
131,0
88,0
89,0
90,0
91,0
92,0
93,0
94,0
95,0
96,0
97,0
98,0
130,0
78,0
132,0
133,0
81,0
135,0
146,0
75,0
64,0
1,0
37,0
60,0
49,0
17,0
6,0
7,0
8,0
72,0
10,0
11,0
12,0
34,0
14,0
15,0
16,0
17,0
18,0
26,0
20,0
60,0
61,0
23,0
118,0
25,0
39,0
41,0
48,0
63,0
30,0
2,0
32,0
111,0
34,0
145,0
64,0
37,0
38,0
39,0
40,0
38,0
42,0
43,0
44,0
45,0
7,0
47,0
10,0
50,0
71,0
42,0
154,0
49,0
54,0
110,0
56,0
57,0
58,0
59,0
60,0
61,0
63,0
63,0
64,0
71,0
66,0
67,0
68,0
69,0
67,0
29,0
72,0
55,0
105,0
57,0
101,0
33,0
103,0
104,0
105,0
139,0
107,0
108,0
109,0
110,0
110,0
101,0
113,0
110,0
115,0
115,0
117,0
40,0
119,0
120,0
72,0
65,0
123,0
124,0
125,0
126,0
127,0
71,0
43,0
142,0
137,0
72,0
139,0
5,0
141,0
142,0
143,0
34,0
14,0
149,0
13,0
151,0
74,0
75,0
76,0
77,0
78,0
79,0
82,0
81,0
76,0
83,0
84,0
84,0
86,0
78,0
88,0
89,0
90,0
91,0
92,0
93,0
94,0
95,0
96,0
97,0
98,0
75,0
78,0
132,0
133,0
75,0
135,0
146,0
75,0
24,0
1,0
108,0
30,0
4,0
17,0
6,0
7,0
8,0
9,0
10,0
11,0
12,0
13,0
14,0
15,0
16,0
16,0
18,0
19,0
20,0
21,0
22,0
23,0
24,0
25,0
26,0
27,0
28,0
69,0
30,0
31,0
32,0
33,0
34,0
145,0
36,0
37,0
40,0
39,0
40,0
40,0
42,0
118,0
44,0
45,0
46,0
47,0
28,0
49,0
50,0
50,0
4,0
53,0
54,0
55,0
56,0
57,0
58,0
59,0
60,0
61,0
62,0
63,0
64,0
47,0
66,0
67,0
68,0
69,0
70,0
71,0
129,0
73,0
99,0
57,0
101,0
102,0
103,0
104,0
105,0
106,0
107,0
108,0
103,0
110,0
111,0
112,0
113,0
114,0
115,0
116,0
117,0
118,0
119,0
120,0
5,0
122,0
124,0
122,0
125,0
126,0
127,0
122,0
19,0
136,0
140,0
5,0
32,0
140,0
141,0
142,0
143,0
144,0
145,0
149,0
150,0
138,0
74,0
75,0
78,0
77,0
78,0
79,0
82,0
80,0
82,0
83,0
84,0
85,0
87,0
87,0
88,0
89,0
86,0
91,0
92,0
95,0
94,0
95,0
96,0
97,0
98,0
130,0
131,0
132,0
133,0
134,0
135,0
146,0
148,0
62,0
1,0
144,0
3,0
4,0
30,0
141,0
7,0
8,0
9,0
10,0
11,0
12,0
13,0
1,0
15,0
35,0
63,0
18,0
19,0
20,0
21,0
22,0
23,0
45,0
25,0
39,0
28,0
28,0
29,0
30,0
31,0
100,0
33,0
34,0
145,0
36,0
37,0
38,0
39,0
125,0
40,0
42,0
24,0
44,0
45,0
122,0
47,0
28,0
49,0
50,0
51,0
4,0
53,0
54,0
110,0
56,0
47,0
58,0
59,0
60,0
61,0
62,0
71,0
64,0
150,0
66,0
67,0
68,0
69,0
70,0
71,0
72,0
73,0
99,0
100,0
101,0
102,0
103,0
104,0
105,0
106,0
107,0
108,0
109,0
110,0
111,0
112,0
113,0
143,0
115,0
116,0
117,0
118,0
119,0
120,0
50,0
122,0
122,0
124,0
1,0
126,0
127,0
122,0
129,0
136,0
136,0
138,0
17,0
126,0
136,0
142,0
55,0
144,0
145,0
17,0
150,0
151,0
78,0
75,0
76,0
77,0
131,0
135,0
82,0
80,0
96,0
83,0
84,0
76,0
86,0
87,0
85,0
133,0
83,0
125,0
92,0
93,0
94,0
95,0
96,0
97,0
98,0
95,0
131,0
132,0
133,0
134,0
96,0
146,0
87,0
0,0
9,0
64,0
103,0
4,0
5,0
6,0
7,0
8,0
10,0
25,0
11,0
12,0
20,0
14,0
15,0
16,0
8,0
18,0
19,0
20,0
21,0
22,0
23,0
24,0
25,0
26,0
27,0
28,0
29,0
30,0
31,0
32,0
33,0
18,0
35,0
36,0
37,0
41,0
39,0
40,0
43,0
42,0
34,0
44,0
45,0
46,0
47,0
27,0
3,0
4,0
122,0
4,0
152,0
54,0
110,0
56,0
57,0
109,0
59,0
60,0
61,0
65,0
29,0
64,0
65,0
66,0
67,0
68,0
70,0
70,0
63,0
72,0
143,0
106,0
100,0
101,0
102,0
103,0
119,0
105,0
106,0
107,0
108,0
109,0
110,0
111,0
112,0
113,0
143,0
115,0
149,0
117,0
40,0
119,0
120,0
32,0
128,0
124,0
7,0
125,0
58,0
127,0
122,0
129,0
136,0
126,0
121,0
139,0
140,0
141,0
128,0
143,0
144,0
145,0
113,0
150,0
122,0
24,0
145,0
2,0
3,0
4,0
3,0
6,0
54,0
8,0
9,0
25,0
11,0
12,0
13,0
145,0
15,0
16,0
149,0
18,0
19,0
22,0
21,0
22,0
139,0
24,0
10,0
100,0
25,0
28,0
4,0
30,0
24,0
32,0
36,0
24,0
145,0
36,0
37,0
38,0
39,0
40,0
40,0
42,0
40,0
48,0
45,0
123,0
47,0
48,0
49,0
50,0
50,0
49,0
53,0
52,0
55,0
56,0
57,0
58,0
59,0
60,0
61,0
36,0
63,0
18,0
71,0
66,0
67,0
68,0
69,0
65,0
71,0
72,0
55,0
150,0
100,0
101,0
102,0
103,0
104,0
105,0
106,0
107,0
108,0
109,0
55,0
111,0
112,0
113,0
114,0
115,0
116,0
117,0
118,0
119,0
120,0
61,0
122,0
46,0
123,0
125,0
126,0
127,0
138,0
126,0
136,0
137,0
138,0
139,0
140,0
141,0
60,0
143,0
144,0
145,0
149,0
150,0
151,0
74,0
75,0
76,0
77,0
78,0
94,0
96,0
81,0
82,0
83,0
84,0
85,0
98,0
77,0
88,0
89,0
90,0
91,0
92,0
93,0
94,0
95,0
96,0
97,0
98,0
130,0
131,0
132,0
133,0
134,0
135,0
146,0
148,0
76,0
75,0
76,0
77,0
131,0
98,0
80,0
82,0
76,0
83,0
95,0
84,0
76,0
78,0
88,0
94,0
90,0
91,0
92,0
93,0
94,0
95,0
96,0
97,0
98,0
130,0
131,0
132,0
133,0
134,0
135,0
146,0
148,0
0,0
12,0
67,0
3,0
4,0
66,0
6,0
7,0
8,0
9,0
25,0
11,0
11,0
14,0
63,0
13,0
14,0
43,0
18,0
19,0
20,0
21,0
22,0
23,0
24,0
25,0
26,0
27,0
28,0
29,0
30,0
31,0
32,0
33,0
34,0
35,0
36,0
37,0
41,0
26,0
38,0
41,0
42,0
43,0
44,0
25,0
46,0
47,0
48,0
4,0
50,0
49,0
4,0
53,0
51,0
55,0
56,0
57,0
58,0
59,0
60,0
61,0
64,0
62,0
64,0
138,0
142,0
67,0
2,0
68,0
67,0
29,0
72,0
110,0
99,0
100,0
101,0
102,0
103,0
104,0
105,0
106,0
107,0
108,0
109,0
110,0
111,0
112,0
113,0
114,0
26,0
115,0
117,0
43,0
119,0
120,0
50,0
123,0
123,0
123,0
38,0
138,0
127,0
122,0
129,0
136,0
137,0
138,0
139,0
140,0
46,0
142,0
143,0
144,0
145,0
113,0
43,0
136,0
74,0
75,0
76,0
77,0
78,0
74,0
80,0
82,0
82,0
83,0
85,0
85,0
86,0
131,0
88,0
90,0
91,0
92,0
131,0
94,0
95,0
96,0
82,0
91,0
130,0
78,0
132,0
133,0
134,0
135,0
146,0
148,0
0,0
43,0
2,0
21,0
4,0
5,0
29,0
66,0
8,0
9,0
25,0
11,0
12,0
13,0
14,0
15,0
16,0
17,0
18,0
19,0
20,0
21,0
61,0
23,0
24,0
10,0
129,0
27,0
8,0
29,0
30,0
34,0
32,0
33,0
24,0
35,0
24,0
2,0
40,0
38,0
150,0
41,0
42,0
40,0
25,0
52,0
46,0
150,0
25,0
50,0
50,0
51,0
52,0
44,0
54,0
55,0
56,0
57,0
58,0
59,0
20,0
61,0
125,0
64,0
24,0
14,0
66,0
67,0
68,0
69,0
118,0
68,0
72,0
11,0
20,0
137,0
123,0
124,0
125,0
126,0
17,0
128,0
129,0
136,0
126,0
52,0
139,0
140,0
141,0
142,0
143,0
145,0
35,0
129,0
150,0
151,0
0,0
24,0
2,0
21,0
50,0
121,0
6,0
66,0
8,0
9,0
10,0
11,0
12,0
13,0
14,0
15,0
16,0
20,0
64,0
143,0
20,0
21,0
22,0
22,0
24,0
45,0
39,0
39,0
43,0
29,0
64,0
118,0
32,0
33,0
34,0
145,0
36,0
47,0
38,0
39,0
40,0
38,0
34,0
38,0
44,0
125,0
123,0
47,0
48,0
50,0
50,0
51,0
51,0
9,0
54,0
55,0
56,0
57,0
103,0
59,0
60,0
61,0
24,0
62,0
64,0
14,0
66,0
62,0
68,0
69,0
64,0
71,0
72,0
73,0
3,0
137,0
123,0
123,0
125,0
126,0
127,0
151,0
129,0
151,0
137,0
136,0
103,0
140,0
141,0
142,0
143,0
144,0
16,0
129,0
150,0
151,0
99,0
100,0
101,0
102,0
58,0
119,0
104,0
106,0
107,0
108,0
109,0
110,0
110,0
112,0
101,0
114,0
116,0
43,0
111,0
118,0
119,0
120,0
95,0
75,0
93,0
77,0
131,0
79,0
80,0
82,0
82,0
83,0
84,0
85,0
131,0
148,0
88,0
89,0
90,0
91,0
92,0
93,0
94,0
95,0
80,0
97,0
98,0
58,0
131,0
132,0
133,0
134,0
135,0
146,0
148,0
0,0
1,0
2,0
29,0
52,0
61,0
7,0
61,0
8,0
9,0
127,0
11,0
12,0
13,0
14,0
16,0
16,0
140,0
18,0
19,0
20,0
21,0
22,0
23,0
24,0
127,0
26,0
27,0
28,0
29,0
30,0
31,0
32,0
33,0
34,0
35,0
36,0
37,0
3,0
17,0
5,0
38,0
17,0
43,0
25,0
125,0
46,0
34,0
48,0
121,0
49,0
52,0
52,0
53,0
54,0
55,0
56,0
57,0
58,0
59,0
60,0
61,0
64,0
63,0
64,0
65,0
66,0
67,0
68,0
69,0
70,0
71,0
72,0
73,0
5,0
122,0
123,0
124,0
125,0
126,0
127,0
53,0
140,0
136,0
137,0
138,0
139,0
140,0
141,0
142,0
143,0
144,0
145,0
149,0
150,0
123,0
99,0
100,0
101,0
102,0
103,0
104,0
105,0
106,0
107,0
108,0
109,0
110,0
111,0
112,0
113,0
114,0
116,0
116,0
117,0
118,0
104,0
105,0
90,0
88,0
76,0
77,0
78,0
79,0
82,0
85,0
82,0
83,0
84,0
84,0
86,0
131,0
88,0
89,0
90,0
91,0
92,0
132,0
94,0
95,0
96,0
97,0
98,0
130,0
131,0
90,0
140,0
134,0
135,0
146,0
148,0
0,0
1,0
11,0
50,0
52,0
17,0
6,0
7,0
8,0
9,0
10,0
11,0
12,0
13,0
14,0
13,0
16,0
6,0
18,0
43,0
20,0
21,0
22,0
103,0
24,0
10,0
26,0
44,0
28,0
29,0
30,0
31,0
32,0
33,0
34,0
35,0
36,0
37,0
38,0
39,0
38,0
17,0
42,0
43,0
44,0
13,0
7,0
18,0
44,0
49,0
50,0
52,0
49,0
123,0
54,0
73,0
56,0
33,0
58,0
59,0
60,0
61,0
62,0
63,0
36,0
65,0
59,0
34,0
68,0
69,0
70,0
71,0
72,0
73,0
121,0
122,0
123,0
123,0
45,0
126,0
6,0
127,0
129,0
138,0
122,0
51,0
139,0
140,0
141,0
142,0
143,0
144,0
145,0
149,0
150,0
151,0
99,0
103,0
101,0
102,0
103,0
104,0
105,0
106,0
107,0
108,0
109,0
110,0
111,0
112,0
113,0
114,0
115,0
149,0
117,0
118,0
119,0
120,0
74,0
75,0
76,0
77,0
77,0
79,0
82,0
89,0
86,0
83,0
84,0
81,0
74,0
87,0
88,0
89,0
90,0
91,0
92,0
93,0
94,0
77,0
96,0
133,0
98,0
77,0
93,0
90,0
140,0
146,0
135,0
89,0
148,0
121,0
64,0
64,0
100,0
141,0
19,0
141,0
45,0
69,0
126,0
123,0
126,0
151,0
33,0
57,0
64,0
33,0
19,0
129,0
110,0
17,0
64,0
37,0
100,0
16,0
33,0
114,0
13,0
150,0
36,0
19,0
69,0
60,0
99,0
69,0
125,0
57,0
64,0
64,0
116,0
18,0
129,0
126,0
37,0
100,0
36,0
4,0
54,0
14,0
108,0
18,0
142,0
128,0
60,0
66,0
6,0
73,0
8,0
58,0
57,0
57,0
39,0
64,0
59,0
100,0
99,0
19,0
68,0
4,0
147,0
5,0
46,0
64,0
4,0
112,0
33,0
125,0
73,0
129,0
99,0
33,0
123,0
51,0
4,0
150,0
33,0
127,0
129,0
149,0
100,0
141,0
116,0
0,0
36,0
65,0
47,0
114,0
136,0
112,0
65,0
68,0
119,0
104,0
149,0
140,0
124,0
139,0
140,0
129,0
54,0
140,0
58,0
19,0
119,0
112,0
64,0
73,0
100,0
130,0
78,0
132,0
133,0
79,0
90,0
97,0
131,0
79,0
78,0
78,0
146,0
133,0
82,0
57,0
60,0
93,0
93,0
82,0
95,0
91,0
95,0
134,0
81,0
79,0
131,0
74,0
132,0
51,0
97,0
80,0
130,0
75,0
41,0
45,0
31,0
17,0
4,0
21,0
6,0
17,0
10,0
9,0
10,0
11,0
12,0
13,0
14,0
5,0
16,0
30,0
18,0
19,0
20,0
21,0
22,0
23,0
64,0
25,0
26,0
39,0
28,0
122,0
30,0
31,0
32,0
33,0
34,0
5,0
38,0
43,0
36,0
150,0
24,0
24,0
42,0
72,0
125,0
9,0
46,0
47,0
48,0
54,0
8,0
124,0
124,0
53,0
53,0
55,0
56,0
57,0
58,0
59,0
60,0
61,0
63,0
63,0
30,0
63,0
20,0
67,0
68,0
39,0
40,0
63,0
72,0
73,0
121,0
124,0
127,0
73,0
100,0
101,0
107,0
103,0
25,0
1,0
41,0
46,0
127,0
41,0
136,0
23,0
138,0
125,0
140,0
151,0
142,0
106,0
144,0
34,0
149,0
150,0
138,0
107,0
105,0
106,0
107,0
43,0
103,0
72,0
143,0
69,0
25,0
143,0
56,0
10,0
25,0
43,0
10,0
10,0
76,0
75,0
77,0
76,0
87,0
148,0
80,0
81,0
80,0
83,0
85,0
85,0
86,0
87,0
95,0
89,0
90,0
91,0
92,0
93,0
94,0
95,0
82,0
97,0
98,0
130,0
131,0
132,0
133,0
134,0
135,0
146,0
87,0
0,0
14,0
66,0
3,0
49,0
20,0
66,0
7,0
8,0
10,0
127,0
11,0
12,0
13,0
14,0
16,0
66,0
5,0
8,0
19,0
20,0
21,0
3,0
65,0
125,0
25,0
115,0
22,0
32,0
65,0
3,0
31,0
32,0
33,0
13,0
13,0
125,0
2,0
21,0
3,0
72,0
43,0
72,0
30,0
44,0
52,0
122,0
8,0
32,0
7,0
50,0
136,0
121,0
53,0
54,0
55,0
56,0
57,0
103,0
59,0
60,0
61,0
65,0
63,0
36,0
65,0
22,0
24,0
68,0
3,0
45,0
65,0
72,0
99,0
66,0
122,0
127,0
122,0
36,0
137,0
46,0
43,0
51,0
142,0
127,0
139,0
66,0
49,0
46,0
143,0
144,0
14,0
59,0
8,0
7,0
99,0
136,0
101,0
102,0
103,0
104,0
99,0
106,0
107,0
108,0
21,0
18,0
18,0
12,0
113,0
114,0
115,0
116,0
117,0
118,0
119,0
120,0
39,0
75,0
95,0
77,0
87,0
132,0
74,0
88,0
76,0
90,0
84,0
84,0
80,0
86,0
88,0
133,0
90,0
93,0
135,0
130,0
94,0
146,0
74,0
94,0
98,0
130,0
85,0
132,0
133,0
75,0
129,0
146,0
135,0
0,0
1,0
2,0
21,0
4,0
5,0
6,0
7,0
8,0
8,0
10,0
11,0
12,0
13,0
14,0
15,0
16,0
5,0
18,0
19,0
66,0
21,0
22,0
58,0
24,0
25,0
26,0
27,0
28,0
63,0
30,0
31,0
32,0
33,0
144,0
145,0
62,0
39,0
38,0
39,0
24,0
41,0
3,0
108,0
44,0
45,0
127,0
47,0
48,0
54,0
54,0
51,0
52,0
53,0
54,0
55,0
56,0
57,0
58,0
59,0
60,0
66,0
62,0
63,0
64,0
65,0
66,0
67,0
68,0
70,0
70,0
71,0
128,0
43,0
73,0
121,0
122,0
123,0
122,0
125,0
126,0
127,0
129,0
151,0
151,0
138,0
139,0
140,0
141,0
142,0
143,0
144,0
145,0
149,0
40,0
151,0
99,0
100,0
101,0
102,0
103,0
104,0
105,0
106,0
107,0
43,0
109,0
106,0
111,0
112,0
113,0
114,0
116,0
116,0
117,0
40,0
119,0
120,0
74,0
75,0
76,0
77,0
78,0
79,0
80,0
121,0
82,0
83,0
85,0
85,0
86,0
87,0
88,0
89,0
90,0
91,0
92,0
93,0
94,0
95,0
96,0
97,0
90,0
131,0
132,0
133,0
134,0
135,0
146,0
148,0
128,0
74,0
82,0
76,0
77,0
78,0
79,0
80,0
81,0
82,0
83,0
84,0
84,0
86,0
87,0
88,0
89,0
90,0
91,0
92,0
93,0
89,0
79,0
96,0
94,0
98,0
130,0
131,0
132,0
133,0
134,0
135,0
97,0
87,0
0,0
145,0
37,0
66,0
49,0
46,0
66,0
43,0
25,0
140,0
12,0
13,0
14,0
15,0
16,0
149,0
70,0
19,0
59,0
21,0
22,0
23,0
24,0
10,0
56,0
27,0
72,0
29,0
115,0
32,0
125,0
24,0
35,0
24,0
113,0
40,0
26,0
150,0
115,0
42,0
43,0
44,0
45,0
46,0
24,0
68,0
29,0
49,0
51,0
49,0
124,0
50,0
110,0
56,0
57,0
58,0
22,0
60,0
61,0
24,0
63,0
64,0
62,0
152,0
67,0
68,0
69,0
70,0
69,0
72,0
119,0
29,0
11,0
124,0
128,0
24,0
126,0
127,0
129,0
151,0
137,0
136,0
143,0
118,0
141,0
24,0
143,0
15,0
34,0
42,0
24,0
151,0
119,0
141,0
113,0
118,0
103,0
104,0
42,0
120,0
119,0
108,0
109,0
55,0
114,0
112,0
113,0
114,0
115,0
105,0
117,0
118,0
119,0
120,0
84,0
75,0
76,0
77,0
78,0
79,0
80,0
148,0
84,0
83,0
84,0
84,0
87,0
78,0
88,0
89,0
90,0
91,0
92,0
131,0
94,0
84,0
96,0
97,0
98,0
77,0
131,0
132,0
133,0
134,0
135,0
146,0
76,0
0,0
1,0
2,0
21,0
117,0
6,0
7,0
63,0
9,0
25,0
11,0
12,0
13,0
14,0
15,0
16,0
17,0
18,0
19,0
20,0
21,0
22,0
23,0
24,0
25,0
38,0
39,0
33,0
29,0
30,0
2,0
32,0
33,0
35,0
35,0
36,0
37,0
118,0
39,0
40,0
40,0
42,0
43,0
44,0
27,0
138,0
47,0
48,0
49,0
50,0
51,0
53,0
53,0
4,0
55,0
56,0
57,0
58,0
59,0
60,0
66,0
68,0
63,0
64,0
65,0
66,0
67,0
71,0
67,0
71,0
72,0
73,0
50,0
138,0
123,0
122,0
45,0
150,0
127,0
136,0
129,0
140,0
136,0
136,0
136,0
139,0
140,0
141,0
129,0
129,0
142,0
143,0
144,0
69,0
149,0
150,0
151,0
99,0
100,0
101,0
101,0
103,0
104,0
120,0
106,0
107,0
129,0
129,0
108,0
109,0
55,0
111,0
112,0
113,0
114,0
116,0
116,0
117,0
118,0
119,0
120,0
129,0
129,0
74,0
75,0
76,0
77,0
76,0
79,0
80,0
81,0
80,0
82,0
76,0
81,0
90,0
77,0
82,0
89,0
90,0
91,0
154,0
93,0
81,0
95,0
96,0
146,0
98,0
130,0
93,0
132,0
89,0
134,0
98,0
77,0
90,0
0,0
1,0
37,0
3,0
50,0
42,0
6,0
7,0
8,0
10,0
25,0
11,0
11,0
109,0
14,0
35,0
72,0
42,0
18,0
2,0
20,0
3,0
59,0
59,0
24,0
25,0
41,0
72,0
9,0
59,0
108,0
119,0
32,0
33,0
118,0
35,0
36,0
2,0
36,0
26,0
38,0
38,0
42,0
118,0
44,0
68,0
122,0
47,0
25,0
4,0
50,0
52,0
52,0
68,0
66,0
11,0
56,0
68,0
58,0
109,0
20,0
21,0
3,0
63,0
65,0
65,0
7,0
37,0
147,0
119,0
0,0
52,0
28,0
73,0
54,0
142,0
142,0
124,0
24,0
126,0
127,0
129,0
137,0
137,0
138,0
139,0
140,0
141,0
141,0
143,0
70,0
145,0
42,0
24,0
53,0
99,0
122,0
101,0
8,0
103,0
104,0
105,0
106,0
107,0
108,0
109,0
110,0
111,0
112,0
113,0
114,0
116,0
116,0
37,0
118,0
119,0
120,0
0,0
1,0
37,0
63,0
4,0
17,0
6,0
23,0
18,0
9,0
8,0
11,0
12,0
13,0
14,0
13,0
16,0
17,0
18,0
19,0
3,0
64,0
22,0
23,0
108,0
48,0
26,0
27,0
28,0
29,0
30,0
43,0
32,0
33,0
34,0
1,0
36,0
37,0
38,0
39,0
118,0
43,0
42,0
43,0
34,0
44,0
46,0
47,0
48,0
49,0
4,0
154,0
52,0
72,0
54,0
55,0
56,0
28,0
58,0
59,0
60,0
59,0
36,0
47,0
64,0
70,0
17,0
24,0
68,0
50,0
70,0
62,0
72,0
73,0
3,0
122,0
17,0
24,0
150,0
72,0
127,0
108,0
20,0
51,0
109,0
140,0
140,0
100,0
137,0
18,0
113,0
144,0
23,0
39,0
41,0
150,0
151,0
152,0
17,0
17,0
0,0
1,0
2,0
3,0
4,0
5,0
6,0
7,0
8,0
9,0
10,0
11,0
12,0
13,0
14,0
15,0
16,0
17,0
18,0
19,0
20,0
21,0
22,0
23,0
40,0
25,0
26,0
27,0
28,0
29,0
30,0
31,0
32,0
33,0
18,0
100,0
36,0
37,0
38,0
38,0
38,0
38,0
42,0
43,0
44,0
45,0
46,0
47,0
8,0
4,0
4,0
49,0
28,0
53,0
49,0
55,0
56,0
57,0
103,0
59,0
60,0
61,0
64,0
63,0
64,0
64,0
152,0
67,0
68,0
69,0
70,0
71,0
72,0
73,0
4,0
122,0
123,0
124,0
125,0
136,0
127,0
136,0
52,0
137,0
72,0
139,0
139,0
141,0
142,0
143,0
15,0
152,0
147,0
149,0
24,0
151,0
152,0
44,0
154,0
99,0
100,0
101,0
102,0
103,0
42,0
105,0
106,0
107,0
108,0
109,0
110,0
111,0
108,0
113,0
114,0
26,0
26,0
117,0
118,0
119,0
120,0
78,0
75,0
76,0
90,0
78,0
90,0
80,0
88,0
82,0
83,0
84,0
85,0
86,0
131,0
88,0
89,0
90,0
91,0
92,0
93,0
94,0
84,0
96,0
133,0
98,0
93,0
78,0
132,0
133,0
77,0
135,0
146,0
85,0
0,0
1,0
2,0
3,0
4,0
17,0
6,0
7,0
8,0
9,0
10,0
11,0
12,0
13,0
14,0
15,0
16,0
17,0
18,0
19,0
20,0
21,0
22,0
23,0
45,0
25,0
26,0
48,0
28,0
29,0
30,0
31,0
32,0
33,0
34,0
35,0
36,0
37,0
38,0
39,0
41,0
41,0
42,0
43,0
44,0
27,0
150,0
47,0
48,0
49,0
33,0
57,0
127,0
53,0
54,0
55,0
56,0
57,0
58,0
59,0
60,0
61,0
29,0
71,0
64,0
65,0
66,0
67,0
71,0
69,0
70,0
71,0
72,0
73,0
50,0
122,0
123,0
124,0
0,0
137,0
21,0
129,0
138,0
137,0
138,0
139,0
140,0
141,0
142,0
143,0
144,0
14,0
147,0
5,0
150,0
136,0
59,0
48,0
154,0
99,0
100,0
101,0
102,0
103,0
99,0
120,0
106,0
107,0
108,0
21,0
110,0
111,0
101,0
113,0
114,0
115,0
115,0
117,0
118,0
119,0
117,0
131,0
77,0
77,0
77,0
77,0
74,0
80,0
80,0
82,0
80,0
88,0
88,0
77,0
95,0
88,0
89,0
132,0
91,0
92,0
93,0
94,0
95,0
96,0
97,0
82,0
131,0
131,0
132,0
133,0
134,0
135,0
97,0
95,0
