54,0
55,0
56,0
18,0
58,0
59,0
60,0
61,0
62,0
63,0
15,0
65,0
66,0
67,0
68,0
69,0
37,0
71,0
12,0
73,0
99,0
100,0
101,0
18,0
103,0
104,0
105,0
106,0
107,0
108,0
109,0
110,0
111,0
112,0
113,0
114,0
115,0
116,0
41,0
19,0
119,0
120,0
136,0
124,0
36,0
6,0
29,0
26,0
40,0
34,0
37,0
65,0
7,0
103,0
46,0
7,0
47,0
48,0
9,0
11,0
12,0
13,0
16,0
63,0
16,0
113,0
33,0
37,0
59,0
21,0
22,0
23,0
24,0
10,0
117,0
41,0
8,0
29,0
30,0
41,0
8,0
33,0
62,0
16,0
36,0
15,0
38,0
115,0
18,0
38,0
19,0
43,0
5,0
45,0
127,0
47,0
8,0
54,0
121,0
52,0
52,0
103,0
54,0
3,0
30,0
10,0
58,0
59,0
60,0
61,0
65,0
63,0
15,0
63,0
23,0
65,0
65,0
15,0
65,0
65,0
72,0
73,0
32,0
25,0
101,0
102,0
103,0
104,0
105,0
106,0
107,0
108,0
109,0
55,0
30,0
112,0
113,0
114,0
38,0
115,0
116,0
43,0
119,0
120,0
136,0
122,0
124,0
118,0
58,0
127,0
42,0
136,0
137,0
5,0
139,0
140,0
66,0
150,0
143,0
144,0
16,0
121,0
150,0
138,0
36,0
27,0
2,0
3,0
4,0
17,0
6,0
7,0
48,0
9,0
10,0
11,0
12,0
16,0
14,0
16,0
63,0
17,0
24,0
19,0
20,0
21,0
22,0
8,0
41,0
57,0
26,0
37,0
8,0
29,0
64,0
64,0
127,0
55,0
30,0
21,0
36,0
37,0
38,0
31,0
39,0
38,0
144,0
40,0
39,0
68,0
46,0
33,0
10,0
6,0
49,0
52,0
6,0
53,0
54,0
55,0
56,0
57,0
58,0
59,0
60,0
61,0
62,0
65,0
15,0
65,0
66,0
67,0
65,0
42,0
70,0
65,0
72,0
73,0
99,0
32,0
101,0
69,0
103,0
104,0
113,0
106,0
107,0
108,0
37,0
111,0
111,0
112,0
113,0
114,0
115,0
115,0
117,0
40,0
119,0
120,0
122,0
46,0
123,0
62,0
140,0
127,0
129,0
136,0
67,0
138,0
139,0
149,0
22,0
142,0
73,0
144,0
14,0
115,0
42,0
138,0
76,0
75,0
76,0
77,0
78,0
95,0
80,0
81,0
82,0
148,0
95,0
85,0
74,0
77,0
88,0
133,0
90,0
91,0
92,0
93,0
94,0
130,0
96,0
134,0
98,0
95,0
93,0
78,0
133,0
135,0
135,0
130,0
95,0
64,0
125,0
37,0
3,0
4,0
5,0
54,0
32,0
8,0
10,0
10,0
11,0
12,0
13,0
14,0
16,0
16,0
5,0
18,0
19,0
20,0
21,0
22,0
23,0
24,0
10,0
39,0
27,0
28,0
54,0
30,0
31,0
32,0
33,0
24,0
16,0
40,0
37,0
39,0
39,0
31,0
40,0
42,0
2,0
44,0
45,0
123,0
47,0
28,0
52,0
49,0
21,0
3,0
136,0
54,0
110,0
57,0
32,0
58,0
59,0
60,0
61,0
62,0
63,0
64,0
65,0
121,0
70,0
125,0
70,0
70,0
71,0
72,0
73,0
99,0
28,0
101,0
102,0
58,0
104,0
105,0
143,0
107,0
108,0
109,0
55,0
111,0
112,0
113,0
114,0
116,0
116,0
116,0
19,0
119,0
120,0
50,0
151,0
123,0
123,0
36,0
126,0
57,0
129,0
151,0
151,0
7,0
139,0
140,0
141,0
142,0
143,0
13,0
14,0
149,0
126,0
137,0
0,0
1,0
43,0
3,0
4,0
27,0
5,0
7,0
8,0
10,0
10,0
11,0
12,0
13,0
14,0
64,0
16,0
5,0
18,0
19,0
61,0
21,0
22,0
22,0
24,0
45,0
26,0
23,0
28,0
29,0
30,0
31,0
57,0
33,0
45,0
31,0
36,0
43,0
40,0
39,0
0,0
38,0
114,0
39,0
32,0
22,0
124,0
147,0
28,0
49,0
29,0
56,0
52,0
129,0
54,0
55,0
72,0
14,0
106,0
59,0
60,0
61,0
63,0
63,0
31,0
65,0
66,0
67,0
24,0
151,0
30,0
71,0
72,0
73,0
99,0
100,0
101,0
102,0
103,0
43,0
56,0
106,0
107,0
108,0
109,0
58,0
111,0
112,0
113,0
114,0
115,0
115,0
117,0
118,0
119,0
120,0
151,0
18,0
124,0
136,0
127,0
54,0
17,0
74,0
75,0
74,0
77,0
78,0
130,0
80,0
146,0
148,0
83,0
84,0
84,0
86,0
87,0
88,0
89,0
90,0
91,0
92,0
78,0
94,0
77,0
96,0
94,0
98,0
130,0
131,0
132,0
133,0
134,0
135,0
146,0
148,0
125,0
52,0
2,0
20,0
4,0
64,0
29,0
7,0
8,0
9,0
9,0
11,0
12,0
13,0
145,0
13,0
16,0
17,0
125,0
19,0
21,0
7,0
22,0
23,0
125,0
25,0
116,0
27,0
8,0
29,0
30,0
31,0
57,0
33,0
144,0
35,0
16,0
15,0
41,0
39,0
117,0
38,0
145,0
43,0
44,0
34,0
7,0
8,0
8,0
49,0
50,0
3,0
51,0
52,0
29,0
55,0
56,0
103,0
59,0
60,0
60,0
62,0
62,0
5,0
67,0
5,0
5,0
40,0
64,0
24,0
71,0
72,0
99,0
73,0
141,0
101,0
102,0
26,0
73,0
106,0
106,0
107,0
108,0
110,0
110,0
111,0
112,0
19,0
114,0
17,0
120,0
37,0
19,0
119,0
120,0
51,0
124,0
125,0
126,0
124,0
124,0
129,0
23,0
61,0
142,0
143,0
28,0
19,0
149,0
145,0
51,0
64,0
1,0
26,0
3,0
49,0
17,0
6,0
7,0
38,0
10,0
10,0
11,0
12,0
13,0
14,0
18,0
16,0
30,0
62,0
19,0
61,0
21,0
22,0
23,0
27,0
18,0
26,0
27,0
30,0
63,0
30,0
31,0
32,0
33,0
125,0
108,0
36,0
37,0
39,0
19,0
40,0
72,0
42,0
118,0
44,0
45,0
46,0
8,0
48,0
49,0
121,0
51,0
4,0
122,0
54,0
55,0
21,0
57,0
58,0
59,0
60,0
126,0
62,0
63,0
64,0
65,0
66,0
67,0
67,0
69,0
37,0
71,0
108,0
73,0
99,0
100,0
101,0
102,0
103,0
99,0
99,0
106,0
107,0
40,0
100,0
55,0
33,0
112,0
113,0
114,0
116,0
116,0
117,0
43,0
119,0
120,0
121,0
122,0
53,0
108,0
126,0
127,0
19,0
136,0
126,0
138,0
111,0
140,0
46,0
67,0
143,0
144,0
16,0
151,0
150,0
71,0
40,0
1,0
2,0
121,0
4,0
0,0
6,0
7,0
8,0
10,0
10,0
11,0
12,0
15,0
14,0
15,0
16,0
17,0
18,0
118,0
20,0
21,0
1,0
23,0
150,0
10,0
115,0
45,0
8,0
63,0
30,0
31,0
32,0
43,0
24,0
42,0
41,0
37,0
36,0
39,0
62,0
26,0
42,0
118,0
44,0
108,0
46,0
38,0
48,0
50,0
50,0
4,0
4,0
122,0
54,0
47,0
56,0
47,0
58,0
59,0
20,0
59,0
36,0
63,0
64,0
62,0
22,0
67,0
62,0
69,0
70,0
71,0
72,0
73,0
99,0
47,0
101,0
102,0
103,0
104,0
19,0
106,0
107,0
108,0
109,0
110,0
111,0
108,0
113,0
114,0
108,0
116,0
72,0
118,0
119,0
120,0
4,0
122,0
122,0
17,0
126,0
127,0
129,0
136,0
137,0
138,0
101,0
113,0
141,0
142,0
19,0
144,0
42,0
17,0
66,0
151,0
0,0
35,0
19,0
30,0
29,0
5,0
6,0
4,0
8,0
9,0
10,0
11,0
11,0
13,0
14,0
15,0
16,0
17,0
102,0
116,0
61,0
59,0
7,0
36,0
45,0
39,0
27,0
9,0
7,0
9,0
31,0
56,0
33,0
34,0
125,0
64,0
144,0
118,0
39,0
64,0
31,0
17,0
5,0
21,0
1,0
29,0
47,0
69,0
54,0
121,0
71,0
4,0
4,0
54,0
55,0
56,0
57,0
58,0
59,0
60,0
61,0
118,0
63,0
5,0
65,0
66,0
67,0
69,0
65,0
67,0
71,0
72,0
73,0
107,0
106,0
101,0
101,0
58,0
104,0
99,0
106,0
107,0
108,0
109,0
110,0
110,0
112,0
120,0
114,0
149,0
149,0
117,0
31,0
119,0
120,0
71,0
122,0
143,0
151,0
56,0
103,0
127,0
139,0
136,0
126,0
126,0
18,0
43,0
141,0
150,0
120,0
144,0
145,0
17,0
17,0
136,0
78,0
75,0
74,0
95,0
77,0
79,0
135,0
86,0
98,0
83,0
84,0
85,0
86,0
102,0
84,0
89,0
90,0
91,0
92,0
86,0
77,0
95,0
96,0
97,0
98,0
130,0
131,0
130,0
146,0
134,0
135,0
74,0
79,0
0,0
44,0
34,0
139,0
4,0
41,0
6,0
7,0
8,0
54,0
9,0
140,0
11,0
13,0
14,0
15,0
16,0
5,0
13,0
19,0
5,0
21,0
22,0
117,0
108,0
27,0
37,0
34,0
48,0
29,0
115,0
31,0
28,0
33,0
145,0
35,0
5,0
15,0
108,0
39,0
64,0
41,0
42,0
108,0
44,0
53,0
46,0
18,0
18,0
49,0
49,0
51,0
51,0
53,0
151,0
110,0
56,0
8,0
58,0
59,0
20,0
30,0
63,0
49,0
64,0
149,0
7,0
67,0
65,0
69,0
150,0
71,0
60,0
73,0
152,0
8,0
101,0
102,0
58,0
104,0
105,0
106,0
107,0
108,0
109,0
73,0
106,0
119,0
120,0
114,0
115,0
19,0
19,0
72,0
119,0
120,0
50,0
46,0
123,0
124,0
65,0
126,0
30,0
128,0
139,0
137,0
137,0
136,0
139,0
140,0
141,0
141,0
143,0
70,0
14,0
26,0
19,0
151,0
99,0
57,0
101,0
102,0
103,0
104,0
105,0
106,0
107,0
108,0
109,0
110,0
111,0
112,0
113,0
114,0
115,0
115,0
117,0
19,0
119,0
120,0
74,0
75,0
76,0
95,0
78,0
79,0
80,0
85,0
82,0
83,0
87,0
85,0
74,0
93,0
88,0
89,0
90,0
91,0
92,0
93,0
94,0
81,0
82,0
97,0
98,0
93,0
131,0
133,0
134,0
135,0
146,0
86,0
0,0
1,0
37,0
3,0
4,0
17,0
6,0
7,0
8,0
9,0
10,0
11,0
12,0
63,0
14,0
15,0
16,0
113,0
18,0
43,0
61,0
21,0
59,0
23,0
36,0
68,0
26,0
27,0
28,0
29,0
30,0
31,0
32,0
33,0
144,0
125,0
40,0
37,0
118,0
39,0
118,0
43,0
42,0
118,0
9,0
59,0
46,0
47,0
48,0
50,0
50,0
121,0
71,0
122,0
52,0
55,0
56,0
150,0
58,0
59,0
60,0
61,0
62,0
63,0
5,0
126,0
66,0
41,0
36,0
70,0
115,0
71,0
72,0
73,0
86,0
75,0
77,0
79,0
80,0
81,0
86,0
77,0
84,0
84,0
86,0
87,0
88,0
94,0
90,0
91,0
92,0
86,0
94,0
95,0
96,0
97,0
77,0
99,0
32,0
101,0
102,0
103,0
104,0
19,0
114,0
107,0
108,0
109,0
99,0
111,0
112,0
113,0
114,0
115,0
117,0
117,0
43,0
119,0
120,0
3,0
71,0
52,0
46,0
24,0
126,0
10,0
129,0
82,0
78,0
78,0
133,0
79,0
135,0
137,0
71,0
136,0
140,0
140,0
127,0
10,0
107,0
18,0
145,0
146,0
148,0
149,0
150,0
151,0
143,0
5,0
1,0
16,0
3,0
4,0
5,0
6,0
7,0
8,0
9,0
10,0
11,0
12,0
13,0
14,0
15,0
16,0
140,0
18,0
117,0
20,0
21,0
66,0
23,0
117,0
25,0
149,0
27,0
8,0
29,0
30,0
31,0
32,0
33,0
34,0
24,0
36,0
37,0
36,0
37,0
40,0
38,0
42,0
5,0
21,0
45,0
46,0
36,0
48,0
49,0
50,0
50,0
51,0
53,0
54,0
110,0
56,0
57,0
58,0
59,0
20,0
66,0
15,0
63,0
64,0
16,0
66,0
37,0
125,0
70,0
37,0
6,0
72,0
73,0
99,0
100,0
101,0
102,0
103,0
73,0
105,0
106,0
107,0
108,0
109,0
110,0
111,0
112,0
113,0
114,0
115,0
115,0
117,0
118,0
119,0
120,0
3,0
122,0
123,0
123,0
125,0
126,0
127,0
71,0
149,0
136,0
137,0
138,0
139,0
140,0
66,0
142,0
55,0
144,0
16,0
149,0
24,0
151,0
86,0
75,0
76,0
77,0
78,0
79,0
80,0
80,0
80,0
83,0
84,0
84,0
74,0
87,0
88,0
89,0
90,0
91,0
92,0
93,0
94,0
95,0
83,0
97,0
98,0
130,0
87,0
78,0
133,0
90,0
135,0
78,0
148,0
64,0
1,0
2,0
66,0
4,0
5,0
6,0
7,0
32,0
28,0
48,0
11,0
12,0
13,0
145,0
15,0
16,0
17,0
18,0
19,0
20,0
21,0
22,0
23,0
24,0
38,0
99,0
72,0
47,0
29,0
30,0
24,0
32,0
33,0
34,0
34,0
36,0
37,0
115,0
99,0
26,0
115,0
42,0
32,0
27,0
45,0
124,0
47,0
28,0
49,0
50,0
54,0
28,0
53,0
54,0
55,0
30,0
57,0
58,0
59,0
60,0
61,0
68,0
63,0
64,0
65,0
66,0
118,0
68,0
69,0
105,0
121,0
72,0
73,0
120,0
100,0
101,0
102,0
103,0
104,0
120,0
106,0
112,0
108,0
109,0
55,0
26,0
108,0
105,0
114,0
117,0
116,0
117,0
118,0
119,0
120,0
121,0
126,0
122,0
122,0
118,0
126,0
127,0
46,0
2,0
51,0
137,0
138,0
139,0
42,0
141,0
142,0
143,0
144,0
37,0
149,0
150,0
128,0
86,0
75,0
76,0
77,0
78,0
79,0
80,0
77,0
82,0
77,0
84,0
85,0
86,0
87,0
88,0
89,0
90,0
91,0
92,0
131,0
94,0
95,0
96,0
97,0
98,0
132,0
78,0
132,0
133,0
77,0
135,0
146,0
88,0
0,0
1,0
116,0
3,0
54,0
58,0
6,0
7,0
8,0
126,0
27,0
11,0
12,0
13,0
14,0
15,0
16,0
140,0
18,0
19,0
20,0
21,0
22,0
23,0
64,0
25,0
38,0
27,0
48,0
29,0
30,0
31,0
33,0
55,0
34,0
145,0
40,0
109,0
115,0
115,0
115,0
115,0
108,0
72,0
44,0
1,0
122,0
32,0
48,0
121,0
50,0
52,0
42,0
54,0
54,0
110,0
57,0
8,0
58,0
59,0
61,0
61,0
63,0
63,0
64,0
121,0
138,0
116,0
63,0
69,0
67,0
29,0
72,0
73,0
110,0
32,0
101,0
102,0
103,0
105,0
116,0
139,0
107,0
108,0
109,0
55,0
110,0
101,0
113,0
114,0
115,0
116,0
117,0
118,0
119,0
120,0
17,0
123,0
123,0
124,0
41,0
137,0
122,0
126,0
129,0
138,0
137,0
138,0
139,0
140,0
141,0
142,0
143,0
34,0
14,0
140,0
18,0
151,0
74,0
75,0
76,0
77,0
78,0
79,0
80,0
81,0
76,0
87,0
84,0
84,0
74,0
131,0
88,0
89,0
90,0
91,0
92,0
93,0
94,0
95,0
96,0
133,0
98,0
77,0
78,0
132,0
133,0
130,0
135,0
146,0
74,0
36,0
1,0
43,0
30,0
4,0
17,0
6,0
7,0
32,0
10,0
10,0
11,0
12,0
13,0
14,0
15,0
16,0
16,0
45,0
116,0
20,0
56,0
66,0
23,0
45,0
25,0
26,0
30,0
48,0
71,0
30,0
31,0
32,0
57,0
34,0
145,0
36,0
70,0
41,0
39,0
41,0
41,0
42,0
41,0
44,0
45,0
46,0
47,0
48,0
4,0
50,0
50,0
4,0
50,0
54,0
55,0
32,0
69,0
58,0
59,0
60,0
61,0
64,0
63,0
5,0
47,0
66,0
67,0
68,0
69,0
70,0
71,0
72,0
73,0
99,0
33,0
101,0
102,0
103,0
104,0
105,0
106,0
107,0
43,0
109,0
110,0
111,0
112,0
113,0
114,0
115,0
26,0
117,0
118,0
119,0
120,0
3,0
53,0
123,0
127,0
27,0
102,0
10,0
151,0
140,0
137,0
137,0
12,0
17,0
140,0
141,0
142,0
143,0
144,0
145,0
149,0
150,0
138,0
74,0
75,0
87,0
77,0
78,0
79,0
80,0
77,0
86,0
83,0
84,0
84,0
78,0
87,0
88,0
89,0
80,0
91,0
92,0
93,0
97,0
95,0
96,0
97,0
98,0
95,0
93,0
78,0
97,0
135,0
135,0
146,0
148,0
36,0
52,0
2,0
64,0
49,0
45,0
10,0
7,0
8,0
9,0
10,0
11,0
12,0
13,0
0,0
15,0
16,0
121,0
32,0
19,0
20,0
56,0
22,0
23,0
70,0
25,0
26,0
1,0
100,0
71,0
30,0
31,0
32,0
33,0
1,0
145,0
36,0
70,0
72,0
38,0
40,0
41,0
42,0
43,0
44,0
25,0
46,0
47,0
48,0
51,0
50,0
51,0
52,0
123,0
54,0
110,0
38,0
56,0
58,0
59,0
60,0
61,0
62,0
71,0
64,0
47,0
66,0
65,0
68,0
69,0
70,0
29,0
72,0
73,0
99,0
33,0
101,0
102,0
103,0
104,0
105,0
106,0
107,0
108,0
58,0
110,0
111,0
112,0
113,0
114,0
115,0
116,0
117,0
118,0
119,0
120,0
121,0
122,0
123,0
127,0
34,0
126,0
127,0
124,0
129,0
137,0
137,0
138,0
17,0
58,0
141,0
142,0
19,0
144,0
145,0
149,0
142,0
151,0
78,0
75,0
76,0
77,0
87,0
80,0
80,0
80,0
82,0
83,0
84,0
76,0
86,0
87,0
88,0
133,0
90,0
91,0
92,0
93,0
97,0
78,0
93,0
97,0
98,0
95,0
131,0
132,0
133,0
134,0
135,0
146,0
87,0
0,0
28,0
24,0
41,0
4,0
5,0
6,0
7,0
8,0
9,0
25,0
11,0
12,0
61,0
14,0
15,0
16,0
28,0
33,0
19,0
61,0
6,0
22,0
23,0
43,0
10,0
116,0
3,0
48,0
29,0
30,0
31,0
32,0
33,0
44,0
35,0
36,0
37,0
38,0
39,0
40,0
2,0
42,0
41,0
44,0
45,0
46,0
47,0
25,0
142,0
4,0
122,0
154,0
152,0
54,0
110,0
56,0
57,0
58,0
59,0
60,0
61,0
62,0
7,0
64,0
62,0
66,0
67,0
3,0
151,0
0,0
71,0
118,0
139,0
107,0
32,0
101,0
47,0
103,0
73,0
105,0
106,0
107,0
43,0
109,0
110,0
111,0
112,0
113,0
114,0
115,0
116,0
113,0
118,0
119,0
120,0
127,0
4,0
124,0
147,0
36,0
126,0
127,0
124,0
129,0
136,0
151,0
138,0
139,0
140,0
141,0
142,0
143,0
144,0
145,0
140,0
150,0
122,0
0,0
125,0
2,0
21,0
4,0
5,0
6,0
7,0
8,0
9,0
27,0
11,0
12,0
13,0
145,0
15,0
16,0
20,0
18,0
19,0
121,0
21,0
22,0
23,0
24,0
45,0
55,0
125,0
28,0
29,0
30,0
24,0
25,0
127,0
13,0
145,0
32,0
37,0
24,0
31,0
18,0
40,0
42,0
40,0
44,0
39,0
46,0
47,0
48,0
49,0
50,0
50,0
50,0
51,0
52,0
55,0
56,0
57,0
58,0
59,0
20,0
61,0
62,0
63,0
64,0
65,0
66,0
67,0
68,0
71,0
70,0
71,0
129,0
73,0
73,0
110,0
101,0
102,0
103,0
104,0
105,0
106,0
107,0
108,0
109,0
55,0
111,0
112,0
113,0
114,0
116,0
21,0
117,0
118,0
119,0
120,0
7,0
136,0
122,0
46,0
24,0
126,0
127,0
138,0
138,0
53,0
137,0
112,0
63,0
140,0
141,0
142,0
143,0
144,0
145,0
149,0
17,0
53,0
74,0
75,0
85,0
77,0
78,0
97,0
96,0
81,0
74,0
83,0
84,0
84,0
74,0
86,0
88,0
89,0
90,0
91,0
92,0
131,0
94,0
77,0
96,0
97,0
98,0
130,0
93,0
132,0
133,0
134,0
135,0
146,0
148,0
74,0
75,0
76,0
78,0
78,0
79,0
80,0
81,0
82,0
83,0
84,0
84,0
74,0
93,0
88,0
89,0
90,0
91,0
92,0
93,0
94,0
95,0
80,0
97,0
98,0
130,0
93,0
132,0
133,0
134,0
135,0
146,0
148,0
0,0
28,0
2,0
3,0
4,0
3,0
49,0
7,0
8,0
9,0
10,0
11,0
12,0
34,0
14,0
63,0
16,0
153,0
18,0
19,0
20,0
21,0
22,0
23,0
125,0
9,0
116,0
45,0
28,0
29,0
30,0
31,0
127,0
33,0
45,0
35,0
36,0
2,0
41,0
2,0
41,0
68,0
42,0
118,0
44,0
45,0
46,0
103,0
48,0
52,0
50,0
52,0
52,0
53,0
63,0
73,0
32,0
57,0
58,0
59,0
60,0
61,0
62,0
62,0
64,0
140,0
142,0
24,0
72,0
69,0
70,0
71,0
72,0
101,0
99,0
100,0
101,0
102,0
103,0
104,0
105,0
106,0
107,0
108,0
109,0
110,0
111,0
112,0
113,0
114,0
115,0
115,0
26,0
118,0
119,0
120,0
49,0
124,0
122,0
124,0
39,0
138,0
12,0
151,0
140,0
136,0
137,0
136,0
139,0
129,0
141,0
142,0
143,0
144,0
145,0
140,0
60,0
122,0
74,0
75,0
76,0
77,0
78,0
74,0
80,0
81,0
82,0
82,0
86,0
131,0
86,0
87,0
88,0
90,0
91,0
92,0
131,0
94,0
95,0
96,0
97,0
98,0
130,0
78,0
132,0
133,0
134,0
93,0
146,0
148,0
64,0
1,0
2,0
62,0
4,0
17,0
6,0
66,0
8,0
69,0
25,0
11,0
12,0
13,0
14,0
34,0
16,0
5,0
18,0
118,0
20,0
115,0
60,0
23,0
24,0
127,0
26,0
70,0
28,0
29,0
62,0
24,0
32,0
18,0
36,0
35,0
125,0
37,0
125,0
153,0
8,0
145,0
42,0
47,0
45,0
45,0
46,0
47,0
8,0
50,0
29,0
28,0
52,0
25,0
54,0
18,0
69,0
8,0
103,0
59,0
20,0
61,0
125,0
126,0
24,0
14,0
66,0
70,0
68,0
69,0
150,0
65,0
72,0
149,0
63,0
137,0
138,0
123,0
125,0
126,0
6,0
124,0
101,0
136,0
137,0
138,0
110,0
140,0
127,0
141,0
143,0
144,0
35,0
143,0
150,0
151,0
18,0
47,0
2,0
3,0
54,0
63,0
6,0
66,0
8,0
10,0
25,0
69,0
12,0
102,0
145,0
13,0
16,0
60,0
125,0
19,0
60,0
153,0
22,0
22,0
24,0
45,0
153,0
115,0
42,0
29,0
30,0
36,0
32,0
150,0
44,0
14,0
36,0
37,0
41,0
39,0
43,0
118,0
42,0
118,0
0,0
40,0
123,0
47,0
48,0
50,0
49,0
27,0
3,0
44,0
54,0
55,0
56,0
57,0
58,0
59,0
60,0
61,0
24,0
62,0
40,0
35,0
66,0
62,0
72,0
69,0
118,0
71,0
72,0
73,0
3,0
137,0
122,0
123,0
125,0
126,0
56,0
71,0
129,0
137,0
137,0
138,0
137,0
140,0
141,0
142,0
143,0
144,0
11,0
143,0
150,0
138,0
104,0
32,0
101,0
102,0
103,0
26,0
105,0
106,0
107,0
108,0
109,0
55,0
26,0
112,0
101,0
73,0
149,0
149,0
38,0
102,0
112,0
101,0
90,0
75,0
131,0
77,0
131,0
79,0
80,0
82,0
82,0
83,0
84,0
85,0
83,0
83,0
88,0
89,0
90,0
91,0
92,0
93,0
94,0
95,0
80,0
97,0
98,0
130,0
93,0
132,0
133,0
134,0
135,0
146,0
135,0
0,0
1,0
125,0
141,0
52,0
141,0
7,0
7,0
25,0
127,0
127,0
11,0
12,0
13,0
14,0
16,0
43,0
17,0
18,0
19,0
20,0
21,0
141,0
23,0
24,0
25,0
39,0
44,0
28,0
29,0
30,0
118,0
32,0
33,0
24,0
145,0
36,0
37,0
32,0
39,0
36,0
64,0
42,0
43,0
25,0
145,0
61,0
125,0
48,0
4,0
52,0
52,0
52,0
53,0
54,0
73,0
56,0
57,0
58,0
59,0
60,0
61,0
64,0
63,0
64,0
65,0
66,0
67,0
68,0
69,0
70,0
71,0
72,0
73,0
121,0
123,0
123,0
123,0
125,0
126,0
56,0
123,0
149,0
136,0
137,0
138,0
139,0
140,0
141,0
142,0
143,0
144,0
145,0
149,0
150,0
54,0
99,0
100,0
101,0
102,0
103,0
108,0
105,0
106,0
107,0
108,0
109,0
110,0
111,0
112,0
113,0
114,0
115,0
115,0
117,0
118,0
104,0
69,0
76,0
75,0
76,0
77,0
78,0
79,0
82,0
133,0
82,0
83,0
84,0
85,0
148,0
83,0
88,0
133,0
90,0
91,0
92,0
131,0
94,0
95,0
96,0
97,0
98,0
130,0
130,0
90,0
133,0
134,0
135,0
146,0
148,0
0,0
1,0
2,0
6,0
49,0
5,0
6,0
7,0
8,0
9,0
127,0
11,0
12,0
13,0
14,0
13,0
14,0
5,0
18,0
118,0
20,0
21,0
22,0
22,0
24,0
30,0
26,0
27,0
28,0
29,0
30,0
31,0
32,0
33,0
64,0
5,0
36,0
37,0
64,0
39,0
36,0
5,0
42,0
118,0
44,0
145,0
7,0
42,0
25,0
49,0
50,0
52,0
52,0
53,0
54,0
55,0
56,0
33,0
58,0
59,0
61,0
61,0
62,0
63,0
64,0
65,0
66,0
67,0
68,0
69,0
70,0
71,0
72,0
73,0
121,0
123,0
123,0
124,0
125,0
126,0
43,0
123,0
129,0
136,0
137,0
72,0
139,0
140,0
141,0
142,0
143,0
144,0
145,0
149,0
150,0
151,0
99,0
100,0
101,0
102,0
103,0
104,0
105,0
106,0
107,0
108,0
109,0
55,0
111,0
104,0
113,0
114,0
115,0
149,0
117,0
118,0
119,0
120,0
74,0
75,0
76,0
77,0
78,0
74,0
82,0
88,0
82,0
83,0
85,0
82,0
86,0
87,0
88,0
133,0
90,0
91,0
92,0
93,0
94,0
77,0
82,0
97,0
98,0
130,0
93,0
132,0
133,0
134,0
135,0
89,0
82,0
20,0
59,0
59,0
59,0
59,0
58,0
147,0
23,0
41,0
99,0
103,0
43,0
113,0
152,0
41,0
109,0
18,0
31,0
118,0
101,0
18,0
59,0
144,0
58,0
64,0
18,0
113,0
13,0
118,0
99,0
58,0
118,0
69,0
18,0
138,0
109,0
18,0
118,0
99,0
119,0
31,0
113,0
113,0
5,0
59,0
31,0
60,0
102,0
38,0
127,0
112,0
150,0
129,0
124,0
59,0
8,0
120,0
1,0
107,0
101,0
99,0
100,0
41,0
64,0
72,0
40,0
41,0
43,0
140,0
26,0
106,0
65,0
100,0
26,0
73,0
58,0
151,0
63,0
59,0
99,0
0,0
100,0
42,0
61,0
136,0
18,0
46,0
45,0
120,0
139,0
69,0
152,0
58,0
31,0
140,0
144,0
99,0
44,0
42,0
71,0
15,0
106,0
128,0
59,0
129,0
143,0
18,0
113,0
39,0
106,0
115,0
126,0
115,0
153,0
12,0
103,0
5,0
12,0
78,0
76,0
78,0
77,0
146,0
89,0
74,0
98,0
76,0
90,0
89,0
95,0
79,0
79,0
94,0
59,0
90,0
79,0
146,0
91,0
97,0
84,0
134,0
130,0
148,0
95,0
132,0
91,0
123,0
85,0
90,0
95,0
82,0
2,0
1,0
150,0
17,0
4,0
3,0
7,0
7,0
8,0
27,0
10,0
11,0
12,0
13,0
14,0
15,0
16,0
30,0
18,0
19,0
20,0
21,0
22,0
56,0
62,0
25,0
26,0
27,0
28,0
29,0
30,0
31,0
32,0
47,0
144,0
35,0
36,0
69,0
36,0
44,0
40,0
36,0
42,0
125,0
44,0
72,0
8,0
47,0
48,0
54,0
54,0
46,0
127,0
141,0
53,0
55,0
30,0
57,0
58,0
59,0
60,0
61,0
32,0
63,0
64,0
13,0
20,0
62,0
24,0
2,0
41,0
3,0
43,0
55,0
121,0
124,0
124,0
55,0
32,0
101,0
109,0
103,0
39,0
34,0
41,0
1,0
57,0
26,0
100,0
123,0
126,0
150,0
140,0
127,0
142,0
106,0
144,0
14,0
149,0
12,0
141,0
143,0
105,0
101,0
107,0
108,0
103,0
150,0
111,0
99,0
32,0
111,0
104,0
104,0
116,0
118,0
25,0
110,0
90,0
75,0
76,0
77,0
87,0
133,0
80,0
80,0
82,0
81,0
84,0
84,0
74,0
87,0
77,0
89,0
90,0
91,0
92,0
93,0
133,0
130,0
81,0
97,0
80,0
130,0
75,0
132,0
133,0
134,0
135,0
146,0
80,0
0,0
125,0
15,0
44,0
122,0
30,0
124,0
7,0
32,0
10,0
10,0
11,0
12,0
13,0
14,0
15,0
5,0
17,0
57,0
43,0
66,0
21,0
22,0
29,0
64,0
32,0
115,0
45,0
57,0
29,0
20,0
41,0
129,0
33,0
34,0
35,0
40,0
41,0
45,0
27,0
1,0
5,0
42,0
20,0
25,0
71,0
124,0
33,0
8,0
4,0
49,0
127,0
49,0
53,0
6,0
18,0
21,0
57,0
103,0
22,0
61,0
61,0
3,0
63,0
125,0
136,0
141,0
67,0
68,0
69,0
68,0
71,0
115,0
73,0
66,0
122,0
53,0
127,0
68,0
126,0
127,0
129,0
136,0
122,0
137,0
139,0
66,0
141,0
6,0
143,0
144,0
14,0
17,0
57,0
7,0
99,0
100,0
101,0
102,0
136,0
104,0
55,0
114,0
107,0
108,0
137,0
110,0
33,0
112,0
113,0
114,0
116,0
116,0
115,0
118,0
119,0
120,0
89,0
75,0
76,0
77,0
87,0
79,0
80,0
81,0
76,0
83,0
85,0
85,0
83,0
86,0
94,0
89,0
90,0
90,0
92,0
130,0
94,0
130,0
74,0
134,0
98,0
74,0
74,0
87,0
134,0
134,0
135,0
146,0
148,0
0,0
1,0
2,0
21,0
50,0
149,0
6,0
7,0
8,0
9,0
126,0
11,0
12,0
13,0
5,0
15,0
16,0
5,0
18,0
19,0
20,0
21,0
22,0
23,0
24,0
10,0
26,0
125,0
28,0
29,0
30,0
67,0
32,0
28,0
44,0
14,0
62,0
37,0
26,0
39,0
24,0
41,0
121,0
108,0
44,0
45,0
46,0
47,0
57,0
4,0
4,0
51,0
51,0
53,0
54,0
55,0
56,0
57,0
58,0
59,0
60,0
61,0
62,0
63,0
0,0
65,0
66,0
67,0
62,0
67,0
37,0
29,0
4,0
72,0
151,0
121,0
123,0
124,0
122,0
68,0
126,0
127,0
26,0
141,0
142,0
43,0
18,0
140,0
141,0
142,0
143,0
144,0
145,0
149,0
41,0
151,0
99,0
99,0
101,0
102,0
103,0
43,0
33,0
106,0
107,0
108,0
109,0
106,0
111,0
112,0
118,0
114,0
26,0
116,0
117,0
36,0
119,0
120,0
74,0
75,0
76,0
146,0
78,0
79,0
80,0
81,0
82,0
83,0
84,0
85,0
74,0
87,0
88,0
89,0
90,0
91,0
92,0
93,0
94,0
95,0
96,0
97,0
87,0
93,0
132,0
133,0
134,0
135,0
146,0
148,0
128,0
74,0
75,0
76,0
86,0
78,0
79,0
90,0
134,0
82,0
83,0
72,0
85,0
86,0
87,0
88,0
89,0
90,0
91,0
92,0
93,0
89,0
79,0
96,0
97,0
98,0
130,0
93,0
132,0
133,0
134,0
135,0
146,0
95,0
64,0
151,0
19,0
136,0
54,0
46,0
66,0
40,0
45,0
11,0
12,0
13,0
14,0
15,0
16,0
149,0
70,0
99,0
140,0
129,0
22,0
23,0
24,0
10,0
115,0
27,0
42,0
29,0
99,0
32,0
18,0
18,0
145,0
36,0
120,0
40,0
115,0
41,0
33,0
42,0
118,0
44,0
45,0
46,0
62,0
69,0
4,0
50,0
52,0
54,0
71,0
121,0
119,0
56,0
57,0
58,0
59,0
23,0
61,0
24,0
71,0
64,0
65,0
66,0
150,0
68,0
69,0
69,0
71,0
118,0
149,0
121,0
46,0
123,0
46,0
68,0
129,0
127,0
150,0
10,0
137,0
138,0
139,0
43,0
141,0
142,0
143,0
144,0
145,0
143,0
125,0
142,0
69,0
141,0
101,0
102,0
103,0
23,0
118,0
113,0
101,0
108,0
109,0
99,0
111,0
112,0
120,0
114,0
116,0
37,0
102,0
102,0
37,0
120,0
86,0
75,0
76,0
77,0
78,0
79,0
80,0
95,0
87,0
83,0
84,0
84,0
76,0
87,0
88,0
89,0
90,0
91,0
92,0
93,0
94,0
84,0
96,0
89,0
98,0
146,0
93,0
86,0
133,0
134,0
135,0
146,0
76,0
0,0
113,0
2,0
3,0
5,0
6,0
7,0
8,0
9,0
10,0
11,0
140,0
144,0
14,0
15,0
16,0
17,0
18,0
19,0
20,0
21,0
22,0
23,0
15,0
10,0
31,0
27,0
28,0
29,0
30,0
37,0
32,0
33,0
15,0
35,0
62,0
37,0
0,0
39,0
64,0
117,0
42,0
43,0
44,0
45,0
53,0
47,0
42,0
54,0
51,0
53,0
51,0
53,0
4,0
55,0
48,0
57,0
58,0
59,0
60,0
61,0
62,0
63,0
0,0
65,0
66,0
65,0
68,0
37,0
71,0
118,0
73,0
50,0
122,0
123,0
122,0
150,0
126,0
32,0
138,0
150,0
129,0
136,0
137,0
138,0
139,0
140,0
141,0
129,0
149,0
142,0
143,0
144,0
11,0
149,0
18,0
136,0
103,0
100,0
101,0
101,0
103,0
104,0
113,0
106,0
107,0
140,0
129,0
19,0
109,0
55,0
110,0
112,0
113,0
106,0
26,0
3,0
117,0
19,0
119,0
120,0
129,0
129,0
74,0
75,0
74,0
80,0
78,0
79,0
80,0
81,0
87,0
86,0
84,0
82,0
86,0
81,0
82,0
133,0
90,0
91,0
92,0
130,0
94,0
81,0
96,0
130,0
98,0
130,0
130,0
132,0
89,0
134,0
135,0
146,0
83,0
0,0
52,0
2,0
3,0
7,0
42,0
6,0
7,0
8,0
9,0
25,0
11,0
23,0
118,0
13,0
15,0
23,0
139,0
18,0
19,0
23,0
21,0
99,0
107,0
62,0
10,0
149,0
10,0
8,0
59,0
26,0
150,0
28,0
33,0
34,0
34,0
36,0
37,0
36,0
26,0
150,0
36,0
42,0
118,0
44,0
45,0
122,0
47,0
28,0
4,0
63,0
51,0
52,0
153,0
66,0
110,0
56,0
33,0
58,0
22,0
46,0
23,0
27,0
142,0
64,0
142,0
66,0
62,0
68,0
69,0
31,0
71,0
48,0
73,0
6,0
66,0
128,0
123,0
34,0
126,0
127,0
129,0
137,0
137,0
138,0
139,0
42,0
141,0
142,0
143,0
144,0
14,0
42,0
36,0
123,0
99,0
122,0
101,0
102,0
103,0
104,0
105,0
106,0
107,0
104,0
22,0
55,0
111,0
112,0
23,0
143,0
115,0
38,0
31,0
118,0
119,0
120,0
16,0
1,0
37,0
3,0
4,0
17,0
6,0
7,0
33,0
9,0
28,0
11,0
12,0
13,0
14,0
13,0
16,0
26,0
33,0
19,0
3,0
21,0
61,0
23,0
108,0
9,0
26,0
69,0
28,0
29,0
3,0
19,0
8,0
111,0
34,0
35,0
62,0
2,0
108,0
26,0
118,0
36,0
42,0
118,0
44,0
117,0
46,0
47,0
8,0
4,0
4,0
48,0
52,0
69,0
7,0
55,0
56,0
18,0
58,0
59,0
60,0
59,0
64,0
63,0
30,0
118,0
66,0
62,0
36,0
69,0
70,0
62,0
72,0
73,0
121,0
122,0
124,0
118,0
112,0
66,0
127,0
104,0
107,0
11,0
108,0
140,0
140,0
60,0
151,0
31,0
55,0
18,0
58,0
99,0
149,0
150,0
142,0
152,0
129,0
57,0
0,0
1,0
2,0
3,0
4,0
5,0
6,0
7,0
8,0
9,0
48,0
11,0
12,0
13,0
14,0
15,0
16,0
17,0
18,0
19,0
61,0
21,0
22,0
23,0
24,0
10,0
117,0
27,0
28,0
63,0
30,0
31,0
32,0
33,0
18,0
35,0
36,0
37,0
41,0
39,0
40,0
40,0
42,0
72,0
118,0
45,0
123,0
47,0
8,0
4,0
4,0
121,0
51,0
53,0
54,0
55,0
56,0
57,0
58,0
59,0
60,0
61,0
36,0
63,0
64,0
16,0
66,0
67,0
36,0
69,0
70,0
71,0
72,0
73,0
3,0
122,0
139,0
123,0
125,0
126,0
9,0
136,0
136,0
137,0
138,0
139,0
5,0
141,0
142,0
143,0
144,0
115,0
147,0
149,0
31,0
151,0
152,0
125,0
35,0
55,0
32,0
101,0
102,0
103,0
102,0
105,0
106,0
107,0
108,0
109,0
110,0
111,0
112,0
113,0
143,0
115,0
116,0
117,0
43,0
112,0
120,0
78,0
75,0
76,0
146,0
78,0
74,0
80,0
88,0
81,0
83,0
84,0
133,0
86,0
87,0
88,0
89,0
90,0
91,0
92,0
93,0
94,0
84,0
80,0
89,0
98,0
130,0
93,0
132,0
133,0
134,0
135,0
146,0
88,0
0,0
1,0
37,0
3,0
4,0
17,0
6,0
7,0
8,0
32,0
10,0
11,0
12,0
13,0
14,0
15,0
16,0
17,0
18,0
19,0
20,0
21,0
22,0
23,0
36,0
32,0
26,0
48,0
28,0
29,0
30,0
31,0
32,0
33,0
34,0
35,0
40,0
37,0
40,0
39,0
24,0
40,0
42,0
43,0
44,0
25,0
69,0
47,0
48,0
49,0
61,0
8,0
100,0
53,0
54,0
55,0
56,0
57,0
58,0
59,0
60,0
61,0
71,0
65,0
64,0
50,0
66,0
65,0
71,0
69,0
70,0
71,0
72,0
73,0
50,0
122,0
123,0
46,0
2,0
137,0
127,0
129,0
136,0
137,0
138,0
139,0
140,0
141,0
142,0
143,0
144,0
35,0
147,0
149,0
150,0
137,0
152,0
9,0
154,0
105,0
32,0
112,0
102,0
103,0
41,0
99,0
106,0
107,0
108,0
109,0
110,0
110,0
112,0
113,0
114,0
116,0
115,0
117,0
118,0
119,0
117,0
74,0
75,0
76,0
77,0
77,0
79,0
80,0
81,0
81,0
91,0
84,0
88,0
86,0
132,0
88,0
89,0
74,0
91,0
92,0
93,0
94,0
95,0
80,0
97,0
98,0
131,0
131,0
132,0
133,0
134,0
131,0
146,0
95,0
