54,0
55,0
56,0
57,0
58,0
59,0
60,0
61,0
62,0
65,0
64,0
65,0
66,0
67,0
68,0
69,0
39,0
71,0
72,0
73,0
99,0
32,0
101,0
55,0
103,0
104,0
105,0
106,0
107,0
108,0
109,0
110,0
111,0
112,0
113,0
114,0
115,0
116,0
117,0
19,0
119,0
120,0
136,0
124,0
36,0
6,0
136,0
19,0
125,0
44,0
37,0
3,0
4,0
30,0
46,0
23,0
8,0
48,0
8,0
11,0
42,0
13,0
14,0
16,0
16,0
17,0
18,0
37,0
59,0
56,0
22,0
23,0
125,0
25,0
115,0
38,0
28,0
29,0
30,0
31,0
100,0
33,0
63,0
35,0
36,0
37,0
36,0
39,0
40,0
41,0
39,0
5,0
44,0
25,0
46,0
47,0
8,0
52,0
121,0
51,0
52,0
46,0
109,0
55,0
56,0
57,0
58,0
59,0
61,0
61,0
62,0
63,0
36,0
63,0
30,0
67,0
62,0
11,0
70,0
71,0
72,0
73,0
99,0
100,0
101,0
102,0
103,0
104,0
105,0
106,0
107,0
108,0
109,0
55,0
70,0
112,0
113,0
114,0
115,0
115,0
117,0
118,0
119,0
120,0
121,0
46,0
124,0
43,0
126,0
127,0
38,0
138,0
137,0
59,0
139,0
140,0
141,0
142,0
143,0
144,0
14,0
103,0
150,0
71,0
36,0
125,0
37,0
3,0
49,0
17,0
6,0
7,0
8,0
28,0
9,0
11,0
12,0
13,0
13,0
16,0
5,0
17,0
47,0
19,0
20,0
21,0
22,0
23,0
62,0
8,0
26,0
39,0
8,0
29,0
30,0
31,0
32,0
33,0
18,0
109,0
36,0
37,0
38,0
39,0
70,0
41,0
69,0
40,0
44,0
25,0
46,0
47,0
9,0
49,0
49,0
54,0
49,0
123,0
54,0
55,0
56,0
57,0
58,0
59,0
60,0
61,0
62,0
63,0
37,0
65,0
66,0
67,0
68,0
11,0
70,0
65,0
72,0
73,0
99,0
32,0
101,0
102,0
103,0
104,0
113,0
106,0
107,0
108,0
109,0
110,0
111,0
112,0
113,0
114,0
115,0
115,0
117,0
40,0
119,0
120,0
124,0
46,0
6,0
36,0
140,0
127,0
19,0
136,0
136,0
138,0
139,0
17,0
22,0
142,0
73,0
15,0
14,0
115,0
129,0
137,0
74,0
75,0
76,0
77,0
78,0
93,0
80,0
97,0
82,0
96,0
84,0
85,0
95,0
84,0
88,0
89,0
90,0
91,0
92,0
93,0
94,0
130,0
96,0
97,0
98,0
130,0
131,0
132,0
133,0
92,0
135,0
130,0
148,0
64,0
1,0
37,0
3,0
49,0
5,0
6,0
7,0
8,0
10,0
10,0
11,0
12,0
13,0
14,0
16,0
16,0
5,0
18,0
19,0
20,0
21,0
22,0
23,0
24,0
25,0
39,0
27,0
28,0
49,0
30,0
31,0
48,0
33,0
24,0
35,0
36,0
37,0
38,0
39,0
31,0
38,0
42,0
31,0
44,0
36,0
28,0
47,0
48,0
50,0
49,0
63,0
3,0
53,0
54,0
55,0
56,0
57,0
58,0
59,0
60,0
61,0
62,0
63,0
64,0
62,0
61,0
67,0
68,0
69,0
70,0
71,0
72,0
73,0
99,0
100,0
101,0
102,0
103,0
104,0
105,0
143,0
107,0
108,0
109,0
110,0
111,0
112,0
113,0
114,0
115,0
116,0
117,0
19,0
119,0
120,0
49,0
123,0
123,0
123,0
36,0
126,0
127,0
129,0
136,0
137,0
61,0
139,0
139,0
141,0
142,0
143,0
13,0
145,0
149,0
18,0
137,0
63,0
1,0
37,0
3,0
4,0
17,0
22,0
7,0
8,0
10,0
10,0
11,0
12,0
13,0
14,0
16,0
16,0
17,0
18,0
19,0
22,0
21,0
22,0
23,0
24,0
25,0
26,0
25,0
28,0
29,0
30,0
31,0
127,0
33,0
24,0
16,0
36,0
37,0
40,0
2,0
24,0
31,0
42,0
43,0
25,0
45,0
122,0
47,0
48,0
49,0
29,0
51,0
51,0
9,0
54,0
55,0
56,0
57,0
58,0
58,0
60,0
61,0
42,0
29,0
18,0
65,0
66,0
67,0
68,0
69,0
24,0
71,0
22,0
73,0
99,0
57,0
101,0
102,0
103,0
104,0
105,0
106,0
107,0
108,0
109,0
58,0
111,0
112,0
113,0
114,0
115,0
116,0
117,0
43,0
119,0
120,0
17,0
128,0
124,0
65,0
127,0
124,0
26,0
86,0
75,0
76,0
77,0
78,0
79,0
80,0
89,0
74,0
83,0
84,0
84,0
86,0
87,0
88,0
89,0
90,0
91,0
92,0
93,0
94,0
95,0
96,0
97,0
98,0
130,0
131,0
132,0
133,0
134,0
135,0
146,0
148,0
1,0
52,0
2,0
65,0
51,0
125,0
6,0
7,0
8,0
53,0
53,0
11,0
12,0
13,0
34,0
15,0
16,0
4,0
62,0
19,0
66,0
56,0
22,0
3,0
24,0
25,0
39,0
27,0
8,0
50,0
30,0
31,0
57,0
33,0
34,0
35,0
36,0
15,0
38,0
39,0
40,0
41,0
65,0
17,0
44,0
52,0
46,0
28,0
8,0
50,0
50,0
3,0
51,0
52,0
29,0
55,0
56,0
103,0
59,0
60,0
66,0
62,0
62,0
62,0
62,0
66,0
15,0
38,0
39,0
70,0
52,0
129,0
73,0
99,0
100,0
101,0
102,0
116,0
105,0
106,0
106,0
107,0
108,0
73,0
110,0
111,0
112,0
113,0
19,0
115,0
116,0
19,0
115,0
119,0
120,0
52,0
124,0
125,0
136,0
127,0
124,0
129,0
139,0
141,0
142,0
143,0
144,0
43,0
149,0
150,0
12,0
0,0
1,0
37,0
3,0
4,0
5,0
6,0
7,0
25,0
10,0
10,0
11,0
12,0
13,0
14,0
15,0
35,0
30,0
40,0
19,0
61,0
21,0
22,0
23,0
24,0
25,0
26,0
27,0
8,0
63,0
30,0
31,0
32,0
33,0
144,0
35,0
36,0
37,0
43,0
39,0
40,0
43,0
42,0
43,0
44,0
45,0
46,0
47,0
48,0
49,0
49,0
51,0
4,0
53,0
54,0
55,0
56,0
57,0
58,0
59,0
60,0
61,0
62,0
63,0
64,0
65,0
66,0
67,0
68,0
69,0
69,0
71,0
108,0
73,0
99,0
32,0
101,0
102,0
58,0
104,0
105,0
106,0
107,0
108,0
109,0
55,0
111,0
112,0
113,0
114,0
115,0
115,0
117,0
118,0
119,0
120,0
121,0
122,0
6,0
108,0
126,0
127,0
19,0
136,0
137,0
138,0
139,0
129,0
141,0
142,0
143,0
15,0
35,0
149,0
150,0
3,0
40,0
1,0
2,0
3,0
4,0
1,0
6,0
7,0
8,0
10,0
10,0
11,0
12,0
13,0
14,0
15,0
35,0
17,0
18,0
19,0
66,0
21,0
22,0
8,0
150,0
25,0
26,0
27,0
8,0
63,0
30,0
31,0
100,0
33,0
34,0
35,0
36,0
37,0
40,0
39,0
40,0
40,0
42,0
72,0
44,0
47,0
6,0
47,0
48,0
4,0
49,0
138,0
4,0
53,0
54,0
55,0
56,0
57,0
58,0
59,0
60,0
22,0
36,0
63,0
5,0
70,0
59,0
67,0
68,0
69,0
70,0
29,0
72,0
55,0
99,0
103,0
101,0
102,0
103,0
104,0
105,0
106,0
107,0
108,0
109,0
110,0
111,0
112,0
113,0
114,0
116,0
116,0
19,0
118,0
119,0
120,0
4,0
122,0
124,0
0,0
126,0
127,0
129,0
138,0
137,0
138,0
139,0
113,0
141,0
142,0
114,0
144,0
35,0
149,0
150,0
151,0
0,0
1,0
42,0
3,0
29,0
17,0
6,0
7,0
8,0
9,0
9,0
11,0
12,0
13,0
145,0
144,0
16,0
17,0
102,0
19,0
61,0
61,0
23,0
24,0
48,0
26,0
27,0
48,0
4,0
32,0
31,0
56,0
33,0
34,0
35,0
47,0
144,0
38,0
39,0
41,0
38,0
17,0
5,0
44,0
1,0
6,0
47,0
44,0
54,0
50,0
71,0
54,0
29,0
54,0
73,0
56,0
57,0
58,0
59,0
60,0
60,0
41,0
63,0
64,0
65,0
22,0
67,0
69,0
69,0
47,0
4,0
72,0
73,0
99,0
100,0
101,0
102,0
103,0
104,0
105,0
106,0
107,0
108,0
109,0
110,0
111,0
112,0
120,0
114,0
116,0
116,0
117,0
118,0
119,0
120,0
50,0
49,0
19,0
138,0
72,0
126,0
9,0
129,0
137,0
137,0
137,0
139,0
43,0
60,0
150,0
143,0
144,0
145,0
17,0
8,0
128,0
78,0
75,0
74,0
77,0
78,0
79,0
135,0
83,0
82,0
83,0
84,0
85,0
86,0
74,0
88,0
85,0
90,0
91,0
92,0
93,0
94,0
95,0
96,0
97,0
98,0
130,0
131,0
132,0
87,0
134,0
135,0
146,0
148,0
0,0
1,0
34,0
11,0
4,0
40,0
6,0
7,0
8,0
45,0
9,0
147,0
12,0
13,0
14,0
15,0
16,0
5,0
13,0
19,0
61,0
21,0
22,0
152,0
104,0
25,0
26,0
45,0
48,0
29,0
116,0
31,0
32,0
33,0
144,0
35,0
36,0
144,0
17,0
26,0
5,0
64,0
42,0
37,0
44,0
45,0
46,0
47,0
48,0
49,0
50,0
50,0
49,0
151,0
58,0
110,0
56,0
8,0
58,0
59,0
21,0
115,0
47,0
63,0
64,0
50,0
66,0
70,0
68,0
69,0
18,0
71,0
72,0
73,0
30,0
100,0
101,0
102,0
58,0
104,0
105,0
106,0
107,0
108,0
109,0
143,0
111,0
112,0
120,0
114,0
38,0
140,0
19,0
118,0
119,0
120,0
62,0
124,0
124,0
123,0
125,0
126,0
43,0
124,0
139,0
137,0
137,0
137,0
149,0
140,0
141,0
126,0
143,0
47,0
14,0
26,0
48,0
151,0
99,0
100,0
101,0
102,0
103,0
104,0
105,0
106,0
107,0
108,0
109,0
110,0
111,0
112,0
113,0
114,0
115,0
115,0
117,0
118,0
112,0
120,0
74,0
75,0
76,0
95,0
78,0
97,0
80,0
84,0
82,0
83,0
84,0
85,0
87,0
87,0
88,0
89,0
90,0
91,0
92,0
131,0
94,0
95,0
96,0
97,0
98,0
131,0
82,0
133,0
134,0
135,0
146,0
148,0
0,0
1,0
37,0
3,0
4,0
16,0
6,0
7,0
8,0
9,0
10,0
11,0
12,0
13,0
14,0
15,0
16,0
17,0
18,0
117,0
60,0
21,0
22,0
23,0
24,0
10,0
26,0
27,0
28,0
29,0
30,0
31,0
32,0
33,0
34,0
47,0
36,0
39,0
38,0
39,0
38,0
41,0
42,0
43,0
9,0
45,0
46,0
47,0
48,0
29,0
50,0
121,0
50,0
151,0
52,0
110,0
56,0
57,0
58,0
59,0
60,0
61,0
62,0
47,0
64,0
65,0
59,0
2,0
68,0
39,0
39,0
69,0
72,0
73,0
74,0
75,0
77,0
79,0
80,0
81,0
90,0
83,0
84,0
75,0
86,0
87,0
88,0
89,0
90,0
91,0
92,0
93,0
94,0
95,0
96,0
97,0
77,0
99,0
100,0
101,0
102,0
103,0
104,0
105,0
106,0
107,0
108,0
109,0
110,0
111,0
112,0
113,0
114,0
115,0
115,0
117,0
118,0
119,0
120,0
3,0
122,0
122,0
122,0
0,0
126,0
127,0
129,0
130,0
78,0
132,0
133,0
134,0
135,0
136,0
151,0
138,0
101,0
140,0
141,0
142,0
143,0
144,0
145,0
146,0
75,0
149,0
150,0
151,0
106,0
0,0
1,0
31,0
3,0
4,0
5,0
6,0
7,0
32,0
9,0
10,0
11,0
12,0
13,0
14,0
15,0
16,0
5,0
18,0
19,0
20,0
21,0
59,0
7,0
40,0
25,0
17,0
27,0
8,0
29,0
30,0
31,0
32,0
33,0
34,0
47,0
36,0
37,0
38,0
39,0
40,0
38,0
42,0
43,0
51,0
62,0
46,0
36,0
48,0
4,0
50,0
51,0
51,0
53,0
54,0
55,0
56,0
57,0
103,0
59,0
60,0
61,0
36,0
63,0
64,0
65,0
66,0
31,0
64,0
39,0
42,0
29,0
44,0
73,0
107,0
100,0
101,0
102,0
103,0
104,0
105,0
106,0
107,0
108,0
109,0
110,0
111,0
112,0
113,0
114,0
116,0
115,0
117,0
118,0
119,0
120,0
121,0
122,0
123,0
124,0
36,0
126,0
127,0
29,0
129,0
136,0
65,0
138,0
139,0
139,0
66,0
142,0
73,0
34,0
145,0
149,0
150,0
151,0
77,0
75,0
76,0
77,0
78,0
79,0
80,0
81,0
80,0
83,0
84,0
85,0
74,0
78,0
88,0
89,0
90,0
91,0
92,0
93,0
94,0
95,0
96,0
97,0
83,0
130,0
87,0
132,0
133,0
134,0
135,0
146,0
148,0
0,0
1,0
67,0
20,0
4,0
17,0
6,0
7,0
8,0
9,0
10,0
11,0
12,0
13,0
14,0
15,0
16,0
17,0
18,0
19,0
20,0
21,0
22,0
23,0
36,0
25,0
38,0
27,0
28,0
71,0
30,0
31,0
32,0
33,0
144,0
35,0
36,0
37,0
38,0
116,0
26,0
26,0
114,0
43,0
44,0
21,0
123,0
47,0
25,0
51,0
50,0
52,0
28,0
53,0
54,0
110,0
56,0
57,0
58,0
59,0
60,0
61,0
62,0
63,0
64,0
65,0
66,0
67,0
68,0
69,0
70,0
29,0
72,0
73,0
99,0
100,0
102,0
102,0
103,0
104,0
120,0
106,0
107,0
108,0
109,0
110,0
111,0
112,0
113,0
114,0
115,0
116,0
117,0
19,0
119,0
120,0
121,0
123,0
124,0
124,0
38,0
126,0
127,0
121,0
129,0
136,0
137,0
138,0
139,0
17,0
141,0
142,0
143,0
144,0
144,0
149,0
150,0
151,0
74,0
75,0
76,0
77,0
78,0
148,0
80,0
81,0
82,0
83,0
148,0
88,0
146,0
87,0
88,0
89,0
90,0
91,0
92,0
93,0
94,0
95,0
96,0
97,0
98,0
130,0
78,0
132,0
133,0
77,0
135,0
146,0
88,0
0,0
1,0
37,0
63,0
54,0
17,0
6,0
7,0
8,0
35,0
25,0
11,0
12,0
34,0
145,0
15,0
16,0
17,0
18,0
19,0
20,0
21,0
22,0
23,0
19,0
25,0
39,0
27,0
48,0
71,0
60,0
37,0
32,0
33,0
34,0
145,0
36,0
37,0
38,0
39,0
40,0
41,0
48,0
118,0
45,0
45,0
46,0
47,0
48,0
49,0
50,0
51,0
45,0
52,0
54,0
110,0
56,0
57,0
58,0
59,0
60,0
20,0
63,0
63,0
64,0
65,0
7,0
67,0
63,0
69,0
70,0
66,0
115,0
73,0
99,0
57,0
101,0
102,0
103,0
104,0
105,0
114,0
107,0
108,0
109,0
110,0
110,0
101,0
113,0
114,0
115,0
115,0
117,0
118,0
119,0
120,0
121,0
122,0
123,0
124,0
125,0
126,0
127,0
142,0
129,0
136,0
137,0
68,0
139,0
140,0
141,0
122,0
143,0
104,0
35,0
58,0
31,0
151,0
74,0
75,0
76,0
77,0
78,0
79,0
80,0
81,0
82,0
83,0
84,0
85,0
86,0
87,0
76,0
89,0
90,0
91,0
92,0
93,0
94,0
95,0
96,0
97,0
98,0
130,0
78,0
132,0
133,0
134,0
135,0
146,0
148,0
24,0
1,0
2,0
21,0
4,0
44,0
6,0
7,0
8,0
10,0
25,0
11,0
12,0
13,0
14,0
34,0
16,0
16,0
18,0
19,0
20,0
21,0
66,0
21,0
24,0
25,0
26,0
27,0
28,0
71,0
30,0
31,0
32,0
33,0
34,0
35,0
36,0
70,0
40,0
39,0
31,0
40,0
42,0
24,0
44,0
45,0
46,0
47,0
28,0
49,0
50,0
50,0
4,0
51,0
54,0
55,0
141,0
57,0
58,0
59,0
60,0
61,0
62,0
63,0
64,0
47,0
66,0
67,0
68,0
69,0
70,0
71,0
72,0
73,0
99,0
100,0
101,0
102,0
103,0
104,0
105,0
106,0
107,0
108,0
109,0
110,0
111,0
112,0
113,0
114,0
115,0
116,0
117,0
118,0
119,0
120,0
3,0
124,0
124,0
46,0
125,0
125,0
127,0
71,0
19,0
137,0
150,0
138,0
139,0
140,0
141,0
142,0
143,0
144,0
145,0
149,0
150,0
138,0
78,0
75,0
87,0
77,0
78,0
79,0
80,0
81,0
86,0
83,0
84,0
84,0
87,0
87,0
88,0
89,0
77,0
91,0
92,0
93,0
94,0
95,0
96,0
97,0
86,0
130,0
131,0
132,0
97,0
134,0
135,0
146,0
148,0
125,0
1,0
2,0
3,0
4,0
3,0
127,0
7,0
8,0
9,0
10,0
11,0
12,0
13,0
14,0
15,0
16,0
121,0
47,0
19,0
20,0
21,0
22,0
23,0
24,0
25,0
39,0
27,0
8,0
71,0
30,0
31,0
32,0
33,0
34,0
145,0
36,0
2,0
38,0
39,0
40,0
125,0
42,0
43,0
44,0
45,0
46,0
47,0
48,0
49,0
50,0
51,0
52,0
46,0
54,0
143,0
56,0
28,0
58,0
59,0
60,0
61,0
62,0
63,0
36,0
45,0
66,0
67,0
68,0
69,0
67,0
71,0
72,0
73,0
99,0
100,0
101,0
102,0
103,0
104,0
105,0
106,0
107,0
108,0
103,0
55,0
111,0
112,0
113,0
114,0
115,0
116,0
117,0
118,0
119,0
120,0
50,0
122,0
122,0
46,0
125,0
126,0
127,0
53,0
129,0
151,0
137,0
138,0
139,0
140,0
141,0
142,0
73,0
144,0
145,0
17,0
150,0
151,0
74,0
75,0
76,0
78,0
131,0
8,0
86,0
81,0
96,0
83,0
75,0
75,0
86,0
87,0
88,0
89,0
90,0
91,0
92,0
93,0
94,0
95,0
80,0
97,0
98,0
130,0
131,0
132,0
133,0
134,0
135,0
146,0
87,0
0,0
1,0
47,0
21,0
4,0
5,0
6,0
7,0
8,0
9,0
10,0
11,0
12,0
20,0
14,0
15,0
16,0
57,0
18,0
19,0
20,0
21,0
22,0
23,0
24,0
48,0
26,0
27,0
28,0
29,0
30,0
31,0
32,0
33,0
34,0
35,0
36,0
2,0
41,0
39,0
24,0
43,0
42,0
43,0
44,0
45,0
6,0
47,0
48,0
4,0
50,0
142,0
61,0
152,0
54,0
55,0
56,0
57,0
58,0
59,0
60,0
61,0
62,0
63,0
64,0
62,0
121,0
67,0
71,0
69,0
70,0
71,0
72,0
11,0
99,0
100,0
101,0
102,0
103,0
119,0
105,0
106,0
107,0
108,0
109,0
110,0
111,0
112,0
113,0
143,0
115,0
116,0
117,0
118,0
119,0
120,0
51,0
124,0
124,0
128,0
125,0
126,0
127,0
124,0
129,0
138,0
137,0
138,0
139,0
140,0
141,0
142,0
143,0
144,0
35,0
129,0
150,0
151,0
0,0
1,0
2,0
63,0
4,0
5,0
54,0
54,0
8,0
9,0
10,0
11,0
12,0
13,0
14,0
15,0
16,0
17,0
18,0
19,0
66,0
21,0
22,0
23,0
24,0
3,0
26,0
25,0
28,0
4,0
30,0
24,0
32,0
33,0
13,0
145,0
36,0
37,0
41,0
39,0
41,0
41,0
42,0
40,0
44,0
45,0
123,0
18,0
48,0
49,0
50,0
50,0
51,0
51,0
52,0
55,0
56,0
57,0
58,0
59,0
20,0
61,0
36,0
63,0
18,0
65,0
66,0
67,0
68,0
69,0
70,0
71,0
72,0
117,0
107,0
100,0
101,0
102,0
103,0
104,0
105,0
106,0
107,0
108,0
109,0
110,0
111,0
112,0
113,0
114,0
115,0
116,0
117,0
118,0
119,0
120,0
63,0
122,0
124,0
124,0
64,0
126,0
127,0
138,0
140,0
151,0
137,0
138,0
139,0
140,0
141,0
142,0
143,0
144,0
145,0
149,0
150,0
136,0
74,0
75,0
75,0
77,0
78,0
135,0
96,0
82,0
82,0
83,0
84,0
85,0
86,0
78,0
85,0
89,0
90,0
91,0
92,0
131,0
94,0
95,0
96,0
97,0
98,0
130,0
131,0
132,0
133,0
134,0
135,0
146,0
148,0
148,0
75,0
76,0
77,0
78,0
79,0
80,0
148,0
76,0
83,0
95,0
85,0
76,0
131,0
88,0
89,0
90,0
91,0
92,0
93,0
94,0
95,0
96,0
97,0
98,0
130,0
74,0
132,0
133,0
97,0
135,0
146,0
74,0
0,0
25,0
67,0
3,0
4,0
3,0
4,0
7,0
8,0
9,0
10,0
11,0
12,0
13,0
63,0
15,0
145,0
153,0
18,0
19,0
20,0
21,0
22,0
23,0
24,0
25,0
26,0
27,0
28,0
29,0
30,0
31,0
32,0
33,0
34,0
35,0
36,0
2,0
38,0
39,0
41,0
41,0
42,0
43,0
44,0
45,0
46,0
47,0
48,0
4,0
50,0
4,0
4,0
53,0
54,0
55,0
56,0
57,0
58,0
59,0
60,0
61,0
65,0
65,0
64,0
11,0
142,0
67,0
62,0
70,0
2,0
63,0
72,0
73,0
99,0
32,0
101,0
102,0
103,0
104,0
105,0
106,0
107,0
108,0
109,0
110,0
111,0
112,0
113,0
114,0
38,0
116,0
117,0
43,0
119,0
120,0
50,0
123,0
123,0
123,0
125,0
138,0
127,0
122,0
129,0
136,0
137,0
138,0
139,0
140,0
141,0
142,0
143,0
144,0
145,0
129,0
150,0
151,0
74,0
75,0
76,0
77,0
78,0
79,0
80,0
82,0
82,0
83,0
84,0
85,0
86,0
87,0
88,0
90,0
91,0
92,0
131,0
94,0
95,0
96,0
97,0
132,0
130,0
131,0
132,0
133,0
134,0
135,0
146,0
148,0
125,0
1,0
2,0
21,0
4,0
5,0
6,0
66,0
8,0
9,0
25,0
11,0
12,0
13,0
14,0
14,0
16,0
5,0
18,0
118,0
20,0
21,0
61,0
23,0
24,0
10,0
149,0
27,0
28,0
29,0
64,0
24,0
32,0
36,0
31,0
35,0
36,0
37,0
25,0
38,0
125,0
125,0
42,0
40,0
28,0
45,0
46,0
47,0
8,0
4,0
50,0
51,0
52,0
51,0
54,0
55,0
56,0
57,0
103,0
59,0
21,0
61,0
125,0
63,0
36,0
14,0
66,0
67,0
68,0
69,0
70,0
71,0
21,0
11,0
3,0
137,0
137,0
124,0
125,0
126,0
127,0
71,0
129,0
136,0
137,0
138,0
139,0
140,0
141,0
142,0
143,0
144,0
35,0
140,0
150,0
122,0
18,0
125,0
37,0
21,0
4,0
63,0
6,0
66,0
8,0
10,0
10,0
11,0
12,0
16,0
14,0
15,0
15,0
60,0
47,0
15,0
20,0
21,0
22,0
23,0
24,0
45,0
129,0
39,0
43,0
63,0
64,0
105,0
32,0
8,0
34,0
14,0
36,0
70,0
38,0
39,0
43,0
41,0
42,0
43,0
44,0
125,0
124,0
47,0
48,0
50,0
50,0
44,0
51,0
52,0
54,0
55,0
56,0
57,0
103,0
59,0
60,0
61,0
70,0
62,0
64,0
14,0
66,0
67,0
65,0
69,0
64,0
71,0
72,0
73,0
121,0
137,0
123,0
123,0
125,0
138,0
127,0
128,0
129,0
137,0
137,0
138,0
103,0
140,0
141,0
142,0
143,0
144,0
42,0
140,0
142,0
138,0
99,0
32,0
101,0
102,0
103,0
99,0
105,0
106,0
107,0
108,0
109,0
55,0
111,0
112,0
101,0
114,0
99,0
11,0
111,0
118,0
119,0
120,0
90,0
75,0
131,0
77,0
131,0
79,0
80,0
82,0
82,0
83,0
84,0
85,0
86,0
87,0
88,0
89,0
90,0
91,0
92,0
93,0
94,0
95,0
80,0
97,0
98,0
130,0
131,0
132,0
133,0
134,0
135,0
146,0
86,0
0,0
1,0
2,0
6,0
49,0
17,0
66,0
66,0
8,0
9,0
10,0
11,0
12,0
13,0
14,0
16,0
16,0
17,0
18,0
19,0
66,0
21,0
22,0
23,0
70,0
10,0
129,0
27,0
28,0
29,0
30,0
31,0
32,0
33,0
34,0
5,0
36,0
37,0
30,0
39,0
38,0
38,0
42,0
43,0
44,0
45,0
123,0
47,0
48,0
3,0
50,0
3,0
52,0
53,0
54,0
55,0
56,0
57,0
58,0
59,0
60,0
61,0
64,0
63,0
62,0
65,0
66,0
67,0
68,0
56,0
70,0
71,0
72,0
73,0
5,0
124,0
122,0
53,0
125,0
126,0
127,0
127,0
129,0
136,0
137,0
138,0
139,0
140,0
141,0
142,0
143,0
144,0
145,0
149,0
150,0
53,0
99,0
100,0
101,0
102,0
103,0
104,0
105,0
106,0
107,0
108,0
109,0
110,0
111,0
112,0
113,0
114,0
115,0
116,0
117,0
118,0
119,0
113,0
90,0
81,0
76,0
77,0
78,0
79,0
82,0
89,0
85,0
83,0
84,0
85,0
74,0
87,0
88,0
89,0
90,0
91,0
92,0
132,0
94,0
95,0
96,0
93,0
98,0
130,0
131,0
132,0
130,0
134,0
135,0
146,0
74,0
0,0
1,0
2,0
6,0
49,0
127,0
6,0
7,0
8,0
9,0
127,0
11,0
12,0
13,0
14,0
14,0
16,0
6,0
18,0
19,0
20,0
21,0
22,0
23,0
24,0
25,0
26,0
44,0
28,0
29,0
30,0
31,0
32,0
33,0
34,0
35,0
36,0
2,0
38,0
39,0
38,0
38,0
42,0
43,0
127,0
127,0
7,0
47,0
10,0
49,0
50,0
6,0
54,0
123,0
54,0
55,0
56,0
57,0
58,0
59,0
20,0
61,0
62,0
63,0
36,0
65,0
66,0
67,0
68,0
56,0
70,0
71,0
127,0
73,0
121,0
122,0
123,0
124,0
125,0
126,0
127,0
127,0
129,0
136,0
53,0
138,0
139,0
140,0
141,0
141,0
143,0
144,0
145,0
149,0
150,0
151,0
107,0
5,0
101,0
102,0
103,0
104,0
105,0
106,0
107,0
108,0
109,0
110,0
111,0
112,0
113,0
114,0
116,0
116,0
117,0
118,0
119,0
120,0
74,0
88,0
76,0
77,0
78,0
74,0
80,0
84,0
131,0
83,0
84,0
85,0
148,0
87,0
88,0
89,0
90,0
91,0
92,0
93,0
94,0
95,0
96,0
97,0
98,0
130,0
131,0
132,0
74,0
75,0
135,0
88,0
134,0
64,0
99,0
99,0
57,0
109,0
26,0
20,0
58,0
95,0
109,0
109,0
95,0
44,0
5,0
36,0
100,0
47,0
59,0
113,0
114,0
33,0
41,0
33,0
64,0
19,0
33,0
19,0
18,0
95,0
47,0
114,0
64,0
151,0
114,0
41,0
102,0
36,0
118,0
36,0
115,0
114,0
114,0
130,0
64,0
99,0
36,0
100,0
95,0
36,0
151,0
18,0
18,0
64,0
69,0
123,0
38,0
130,0
33,0
118,0
36,0
36,0
100,0
64,0
33,0
7,0
117,0
18,0
36,0
42,0
39,0
120,0
141,0
36,0
18,0
114,0
36,0
31,0
60,0
100,0
99,0
69,0
69,0
142,0
31,0
138,0
139,0
124,0
50,0
26,0
139,0
53,0
149,0
36,0
36,0
65,0
47,0
114,0
151,0
144,0
11,0
64,0
99,0
58,0
108,0
118,0
110,0
47,0
118,0
117,0
110,0
140,0
110,0
149,0
26,0
114,0
57,0
63,0
108,0
93,0
79,0
78,0
77,0
131,0
98,0
86,0
83,0
84,0
93,0
90,0
95,0
96,0
82,0
97,0
69,0
90,0
87,0
86,0
93,0
93,0
79,0
89,0
74,0
86,0
95,0
79,0
132,0
123,0
133,0
76,0
130,0
82,0
0,0
125,0
31,0
3,0
50,0
17,0
6,0
7,0
8,0
9,0
10,0
11,0
12,0
13,0
14,0
15,0
16,0
30,0
18,0
19,0
5,0
21,0
22,0
23,0
24,0
25,0
26,0
27,0
28,0
4,0
30,0
31,0
100,0
33,0
34,0
35,0
36,0
37,0
36,0
39,0
24,0
24,0
42,0
43,0
44,0
10,0
127,0
47,0
28,0
54,0
46,0
46,0
10,0
52,0
53,0
73,0
56,0
57,0
58,0
59,0
60,0
60,0
63,0
63,0
62,0
13,0
20,0
67,0
38,0
69,0
67,0
29,0
129,0
73,0
121,0
123,0
127,0
99,0
100,0
101,0
109,0
103,0
10,0
24,0
41,0
6,0
48,0
26,0
136,0
138,0
138,0
51,0
140,0
127,0
142,0
106,0
144,0
145,0
149,0
11,0
121,0
73,0
105,0
73,0
107,0
108,0
103,0
55,0
111,0
112,0
10,0
101,0
116,0
10,0
19,0
43,0
10,0
55,0
74,0
75,0
77,0
78,0
78,0
130,0
80,0
81,0
81,0
83,0
84,0
85,0
86,0
87,0
84,0
89,0
90,0
91,0
92,0
93,0
94,0
130,0
96,0
97,0
80,0
130,0
87,0
132,0
133,0
134,0
135,0
146,0
148,0
0,0
1,0
2,0
21,0
4,0
23,0
53,0
7,0
32,0
9,0
44,0
11,0
11,0
13,0
14,0
0,0
16,0
17,0
28,0
31,0
20,0
21,0
22,0
35,0
40,0
32,0
22,0
27,0
32,0
29,0
20,0
31,0
32,0
33,0
0,0
35,0
36,0
2,0
109,0
56,0
43,0
24,0
42,0
38,0
44,0
71,0
46,0
8,0
32,0
4,0
49,0
3,0
52,0
53,0
54,0
109,0
56,0
57,0
58,0
30,0
60,0
60,0
68,0
63,0
64,0
63,0
20,0
67,0
68,0
69,0
24,0
71,0
39,0
99,0
66,0
53,0
123,0
122,0
68,0
138,0
46,0
129,0
138,0
122,0
7,0
139,0
17,0
141,0
46,0
106,0
144,0
14,0
17,0
18,0
7,0
99,0
100,0
109,0
102,0
109,0
99,0
99,0
106,0
107,0
108,0
109,0
55,0
111,0
58,0
113,0
114,0
116,0
116,0
117,0
118,0
119,0
120,0
83,0
81,0
90,0
77,0
78,0
79,0
82,0
81,0
90,0
83,0
75,0
85,0
77,0
76,0
88,0
133,0
90,0
91,0
92,0
131,0
94,0
130,0
96,0
97,0
98,0
130,0
76,0
132,0
75,0
134,0
135,0
77,0
74,0
0,0
1,0
2,0
21,0
4,0
5,0
6,0
7,0
8,0
9,0
10,0
11,0
12,0
13,0
14,0
15,0
16,0
17,0
18,0
19,0
60,0
21,0
22,0
58,0
24,0
25,0
26,0
27,0
28,0
29,0
30,0
31,0
32,0
33,0
34,0
145,0
62,0
37,0
38,0
39,0
24,0
41,0
42,0
108,0
44,0
125,0
127,0
47,0
8,0
54,0
54,0
51,0
52,0
53,0
54,0
55,0
56,0
57,0
58,0
59,0
60,0
61,0
62,0
63,0
64,0
65,0
66,0
67,0
68,0
69,0
69,0
71,0
128,0
72,0
73,0
121,0
122,0
123,0
122,0
125,0
126,0
127,0
129,0
151,0
128,0
138,0
139,0
140,0
141,0
142,0
143,0
144,0
145,0
149,0
40,0
151,0
99,0
100,0
101,0
102,0
103,0
104,0
105,0
106,0
107,0
108,0
109,0
106,0
111,0
112,0
113,0
114,0
115,0
116,0
117,0
118,0
119,0
120,0
74,0
75,0
76,0
77,0
78,0
79,0
148,0
81,0
82,0
83,0
84,0
85,0
86,0
87,0
88,0
89,0
90,0
91,0
92,0
93,0
94,0
95,0
96,0
135,0
130,0
93,0
132,0
133,0
134,0
135,0
146,0
148,0
151,0
74,0
75,0
76,0
77,0
78,0
79,0
80,0
81,0
82,0
83,0
84,0
85,0
90,0
87,0
88,0
89,0
90,0
91,0
92,0
93,0
94,0
76,0
96,0
89,0
98,0
130,0
93,0
132,0
133,0
134,0
135,0
89,0
87,0
0,0
1,0
37,0
121,0
4,0
46,0
7,0
41,0
10,0
12,0
12,0
144,0
145,0
15,0
16,0
129,0
125,0
114,0
20,0
103,0
22,0
23,0
24,0
25,0
115,0
27,0
10,0
121,0
105,0
32,0
33,0
24,0
145,0
36,0
37,0
40,0
39,0
24,0
24,0
42,0
43,0
44,0
45,0
46,0
24,0
44,0
29,0
121,0
50,0
49,0
121,0
121,0
114,0
56,0
57,0
58,0
59,0
23,0
61,0
24,0
63,0
115,0
65,0
66,0
67,0
72,0
56,0
70,0
71,0
72,0
119,0
121,0
6,0
124,0
122,0
125,0
129,0
127,0
43,0
136,0
137,0
138,0
139,0
118,0
141,0
142,0
143,0
144,0
145,0
149,0
24,0
151,0
119,0
100,0
101,0
102,0
103,0
104,0
39,0
106,0
107,0
108,0
72,0
110,0
111,0
112,0
113,0
114,0
115,0
105,0
117,0
118,0
119,0
120,0
86,0
75,0
87,0
77,0
78,0
79,0
80,0
81,0
75,0
83,0
84,0
85,0
78,0
74,0
90,0
89,0
90,0
91,0
92,0
93,0
94,0
95,0
96,0
97,0
98,0
77,0
131,0
132,0
89,0
134,0
135,0
146,0
76,0
0,0
1,0
37,0
3,0
5,0
6,0
7,0
28,0
9,0
10,0
11,0
12,0
13,0
14,0
15,0
16,0
17,0
18,0
19,0
20,0
21,0
22,0
23,0
24,0
28,0
39,0
27,0
28,0
29,0
30,0
31,0
32,0
33,0
35,0
51,0
36,0
37,0
41,0
39,0
40,0
40,0
42,0
43,0
44,0
45,0
122,0
47,0
48,0
52,0
51,0
51,0
123,0
53,0
4,0
55,0
56,0
57,0
58,0
59,0
60,0
61,0
68,0
63,0
64,0
65,0
66,0
67,0
68,0
70,0
71,0
72,0
73,0
50,0
122,0
124,0
124,0
45,0
126,0
127,0
136,0
129,0
140,0
136,0
137,0
138,0
139,0
140,0
141,0
129,0
129,0
142,0
143,0
144,0
12,0
140,0
150,0
151,0
99,0
100,0
101,0
101,0
103,0
104,0
105,0
106,0
107,0
129,0
129,0
108,0
109,0
55,0
111,0
112,0
113,0
143,0
115,0
116,0
117,0
19,0
119,0
120,0
129,0
129,0
74,0
75,0
76,0
77,0
87,0
79,0
80,0
81,0
81,0
83,0
76,0
85,0
76,0
76,0
82,0
89,0
90,0
91,0
92,0
131,0
81,0
95,0
96,0
148,0
98,0
130,0
93,0
132,0
133,0
134,0
83,0
146,0
74,0
0,0
1,0
2,0
3,0
4,0
17,0
6,0
7,0
8,0
9,0
10,0
11,0
11,0
145,0
14,0
15,0
62,0
17,0
18,0
118,0
20,0
21,0
107,0
107,0
24,0
10,0
129,0
72,0
10,0
11,0
108,0
37,0
72,0
33,0
17,0
35,0
36,0
67,0
57,0
39,0
38,0
41,0
42,0
118,0
44,0
45,0
52,0
47,0
8,0
4,0
63,0
51,0
52,0
122,0
126,0
55,0
56,0
57,0
58,0
58,0
20,0
20,0
145,0
63,0
64,0
62,0
66,0
37,0
20,0
69,0
37,0
11,0
32,0
107,0
46,0
127,0
151,0
128,0
125,0
126,0
127,0
129,0
138,0
137,0
138,0
139,0
140,0
141,0
7,0
55,0
144,0
145,0
126,0
24,0
123,0
99,0
46,0
101,0
8,0
103,0
112,0
105,0
106,0
107,0
108,0
109,0
110,0
111,0
112,0
140,0
114,0
116,0
116,0
37,0
118,0
119,0
120,0
0,0
1,0
37,0
3,0
4,0
17,0
6,0
7,0
33,0
10,0
28,0
11,0
12,0
13,0
14,0
13,0
16,0
17,0
18,0
19,0
20,0
21,0
22,0
23,0
24,0
25,0
26,0
39,0
28,0
29,0
3,0
40,0
32,0
47,0
34,0
35,0
36,0
37,0
64,0
39,0
40,0
40,0
42,0
41,0
44,0
44,0
46,0
47,0
48,0
49,0
50,0
32,0
52,0
53,0
54,0
55,0
56,0
48,0
58,0
59,0
60,0
61,0
36,0
63,0
3,0
36,0
61,0
67,0
68,0
71,0
70,0
62,0
72,0
73,0
5,0
122,0
122,0
118,0
66,0
54,0
127,0
129,0
69,0
11,0
108,0
139,0
140,0
127,0
152,0
18,0
112,0
144,0
108,0
69,0
149,0
150,0
151,0
152,0
129,0
51,0
0,0
1,0
2,0
3,0
4,0
5,0
6,0
7,0
8,0
9,0
10,0
11,0
12,0
13,0
14,0
13,0
16,0
5,0
18,0
19,0
20,0
21,0
22,0
23,0
24,0
25,0
26,0
27,0
28,0
29,0
30,0
31,0
32,0
33,0
34,0
145,0
36,0
37,0
38,0
39,0
38,0
40,0
42,0
72,0
44,0
45,0
123,0
47,0
8,0
4,0
4,0
49,0
52,0
53,0
49,0
110,0
56,0
57,0
58,0
59,0
60,0
61,0
125,0
63,0
64,0
62,0
152,0
67,0
68,0
69,0
70,0
71,0
72,0
73,0
121,0
122,0
123,0
123,0
125,0
137,0
127,0
136,0
138,0
137,0
138,0
139,0
5,0
141,0
142,0
143,0
144,0
152,0
147,0
17,0
36,0
151,0
152,0
41,0
35,0
99,0
100,0
101,0
102,0
103,0
104,0
105,0
106,0
107,0
108,0
109,0
110,0
111,0
112,0
113,0
114,0
115,0
26,0
117,0
118,0
119,0
120,0
74,0
75,0
76,0
80,0
78,0
79,0
80,0
88,0
81,0
83,0
84,0
88,0
74,0
87,0
88,0
89,0
90,0
91,0
92,0
93,0
94,0
95,0
96,0
89,0
98,0
130,0
131,0
132,0
133,0
78,0
135,0
146,0
84,0
0,0
1,0
2,0
3,0
4,0
17,0
6,0
7,0
8,0
9,0
10,0
11,0
12,0
13,0
14,0
15,0
16,0
17,0
18,0
19,0
20,0
21,0
22,0
23,0
24,0
25,0
26,0
48,0
28,0
71,0
30,0
31,0
32,0
18,0
34,0
35,0
36,0
37,0
38,0
39,0
40,0
40,0
42,0
43,0
44,0
45,0
6,0
47,0
48,0
4,0
49,0
49,0
8,0
124,0
54,0
55,0
56,0
57,0
58,0
59,0
60,0
61,0
71,0
65,0
64,0
65,0
66,0
67,0
71,0
69,0
70,0
71,0
72,0
73,0
4,0
122,0
123,0
124,0
64,0
137,0
127,0
136,0
136,0
137,0
138,0
139,0
140,0
141,0
142,0
143,0
144,0
145,0
147,0
140,0
150,0
51,0
152,0
10,0
154,0
105,0
32,0
112,0
102,0
103,0
104,0
120,0
106,0
107,0
108,0
56,0
110,0
111,0
112,0
113,0
114,0
117,0
115,0
117,0
118,0
119,0
105,0
76,0
75,0
76,0
77,0
77,0
74,0
80,0
81,0
81,0
83,0
84,0
88,0
86,0
80,0
88,0
89,0
90,0
96,0
92,0
93,0
94,0
95,0
96,0
97,0
98,0
79,0
82,0
132,0
133,0
92,0
131,0
146,0
148,0
